# DigitalOscilloscope capture
# format_version=2
# fs_hz=410256.41025641025
# n_bits=14
# timestamp=2026-08-18T01:21:28
# capture_name=capture_gain_25_repeat_1.csv
# decim_factor=195
# capture_depth=8192
# pretrigger_samples=0
# trigger_mode=off
# trigger_source=1
# adc_format=Offset Binary
# firmware_afe_ch1_gain_pct=25.00
# firmware_afe_ch1_offset_pct=49.99
# firmware_afe_ch1_atten=1:1
# firmware_afe_ch1_coupling=dc
# firmware_afe_ch1_range_vpp=2
# firmware_afe_ch2_gain_pct=25.00
# firmware_afe_ch2_offset_pct=50.00
# firmware_afe_ch2_atten=1:1
# firmware_afe_ch2_coupling=dc
# firmware_afe_ch2_range_vpp=2
# firmware_afe_trigger_source=1
# firmware_afe_trigger_level_pct=50.00
# firmware_afe_trigger_level_mv=1500
# firmware_ch1_to_adc2=0
index,ch1_raw,ch2_raw
0,8243,8478
1,8283,8201
2,8251,8097
3,8324,8254
4,8262,8383
5,8274,7895
6,8218,7917
7,8219,8370
8,8254,8113
9,8274,8171
10,8254,7907
11,8177,8248
12,8250,8183
13,8228,7995
14,8326,8065
15,8260,8539
16,8233,8047
17,8270,7970
18,8251,8107
19,8269,8140
20,8238,8048
21,8275,8255
22,8244,8181
23,8226,8252
24,8278,8256
25,8208,8051
26,8194,8248
27,8270,8306
28,8234,8418
29,8200,8218
30,8332,8135
31,8243,8224
32,8240,8255
33,8193,8522
34,8177,8238
35,8276,8264
36,8328,8078
37,8206,8185
38,8249,8147
39,8260,8298
40,8254,8185
41,8273,8273
42,8204,8005
43,8272,8077
44,8249,8139
45,8289,8113
46,8232,8090
47,8247,8274
48,8245,8232
49,8285,7919
50,8217,8091
51,8261,8227
52,8228,8127
53,8270,8256
54,8207,7912
55,8292,8217
56,8294,8157
57,8275,8318
58,8284,8073
59,8277,7950
60,8236,8116
61,8206,7874
62,8280,8271
63,8192,8046
64,8261,8410
65,8286,8094
66,8270,8265
67,8236,8035
68,8236,8102
69,8225,8159
70,8262,8285
71,8199,7946
72,8282,8442
73,8217,8199
74,8228,8277
75,8274,8133
76,8232,8238
77,8273,7776
78,8258,8035
79,8283,7963
80,8276,8002
81,8227,8214
82,8316,8123
83,8165,8460
84,8262,8020
85,8200,8326
86,8232,8417
87,8287,8148
88,8260,8360
89,8194,7978
90,8276,8215
91,8284,8087
92,8219,8153
93,8202,8576
94,8254,8074
95,8237,8118
96,8214,8434
97,8283,8201
98,8273,8098
99,8273,8104
100,8226,8393
101,8253,7948
102,8204,8319
103,8260,8262
104,8267,8142
105,8269,8264
106,8262,8302
107,8212,8023
108,8276,8278
109,8277,8113
110,8257,8044
111,8233,8269
112,8277,7955
113,8274,8401
114,8211,8094
115,8286,8152
116,8226,8461
117,8321,8126
118,8232,8129
119,8222,8487
120,8236,8311
121,8234,8383
122,8259,8459
123,8288,8294
124,8295,8053
125,8258,8243
126,8220,8241
127,8281,7920
128,8206,8279
129,8250,8456
130,8230,8195
131,8239,8203
132,8203,8327
133,8260,8210
134,8306,8432
135,8286,8390
136,8198,8313
137,8216,8069
138,8226,8079
139,8280,8150
140,8248,8170
141,8231,8402
142,8278,7869
143,8327,7991
144,8263,8591
145,8243,7969
146,8229,8414
147,8262,8155
148,8226,8037
149,8287,8254
150,8226,7973
151,8286,8308
152,8283,8147
153,8291,8091
154,8266,7828
155,8279,8267
156,8234,8137
157,8273,8249
158,8255,8032
159,8282,8337
160,8290,8297
161,8207,8353
162,8200,8454
163,8197,8337
164,8242,8177
165,8215,8325
166,8286,8251
167,8237,8241
168,8249,8245
169,8252,8121
170,8258,7853
171,8271,8232
172,8221,8323
173,8253,8329
174,8232,8326
175,8241,8055
176,8270,8225
177,8285,8088
178,8233,8153
179,8279,8229
180,8241,8068
181,8269,8313
182,8290,8138
183,8234,8303
184,8233,8126
185,8209,8241
186,8301,8175
187,8236,8318
188,8265,8347
189,8189,8215
190,8233,8206
191,8305,8079
192,8268,8275
193,8267,8164
194,8199,8164
195,8285,8252
196,8261,8260
197,8217,8211
198,8257,8174
199,8232,8316
200,8221,8370
201,8289,8065
202,8229,8452
203,8207,8032
204,8232,8105
205,8175,8451
206,8300,8157
207,8225,8346
208,8286,8208
209,8267,7834
210,8222,8018
211,8197,8386
212,8232,8274
213,8217,8212
214,8287,8180
215,8327,8122
216,8271,8175
217,8237,7927
218,8222,7956
219,8230,8257
220,8218,8221
221,8267,8281
222,8230,7915
223,8279,8215
224,8226,7817
225,8224,8341
226,8251,8336
227,8233,8246
228,8218,7808
229,8266,7796
230,8217,7956
231,8230,8160
232,8263,8103
233,8288,8305
234,8209,8161
235,8265,7928
236,8205,8208
237,8271,8179
238,8220,8219
239,8277,8135
240,8270,8098
241,8277,8447
242,8253,8209
243,8265,8164
244,8228,8149
245,8259,8559
246,8226,8303
247,8188,8127
248,8190,7887
249,8255,8315
250,8276,8257
251,8276,8176
252,8198,8176
253,8202,8466
254,8288,8043
255,8256,8213
256,8260,7968
257,8224,8362
258,8211,7887
259,8228,8197
260,8257,8068
261,8250,8294
262,8168,7795
263,8235,8112
264,8273,8174
265,8275,8122
266,8262,8238
267,8166,7811
268,8219,7801
269,8229,8472
270,8284,8404
271,8264,7917
272,8287,8291
273,8238,7934
274,8260,8251
275,8276,8183
276,8185,8230
277,8286,8078
278,8284,8001
279,8264,8452
280,8231,8082
281,8279,7786
282,8182,8273
283,8259,8051
284,8310,8128
285,8269,8233
286,8279,8413
287,8273,8034
288,8299,8174
289,8232,8400
290,8238,8405
291,8266,8231
292,8233,8133
293,8291,8348
294,8223,8155
295,8251,8122
296,8274,8023
297,8241,8082
298,8286,8211
299,8272,8276
300,8219,8406
301,8170,8055
302,8248,8096
303,8243,8105
304,8220,8372
305,8248,8283
306,8271,8235
307,8285,8251
308,8261,8373
309,8239,8095
310,8242,8372
311,8241,8146
312,8287,7736
313,8234,8004
314,8268,8296
315,8286,8353
316,8227,8020
317,8260,8367
318,8232,8264
319,8225,7888
320,8245,8307
321,8243,8366
322,8296,8103
323,8124,8423
324,8219,8395
325,8250,8096
326,8218,7855
327,8298,8131
328,8191,8046
329,8228,8477
330,8224,8420
331,8269,8271
332,8250,8302
333,8273,8130
334,8235,8250
335,8277,8035
336,8275,8274
337,8229,7995
338,8234,8148
339,8223,8241
340,8280,8222
341,8234,8078
342,8273,8264
343,8270,8318
344,8260,8231
345,8227,8288
346,8250,8114
347,8243,8200
348,8220,8335
349,8258,8093
350,8281,7964
351,8240,8117
352,8261,8100
353,8203,8601
354,8259,8688
355,8239,8265
356,8269,7780
357,8247,8132
358,8257,8532
359,8278,8456
360,8248,8327
361,8310,8193
362,8280,8165
363,8205,8498
364,8249,8429
365,8296,7789
366,8213,8523
367,8274,8203
368,8220,8414
369,8232,8121
370,8270,8241
371,8263,8360
372,8184,8486
373,8225,8213
374,8245,8129
375,8211,8196
376,8262,7857
377,8174,8125
378,8260,8086
379,8237,8470
380,8287,8389
381,8259,8124
382,8186,8141
383,8276,8416
384,8281,8410
385,8220,8273
386,8285,7793
387,8277,8437
388,8222,8497
389,8233,8226
390,8216,8199
391,8344,8280
392,8239,8264
393,8302,8074
394,8225,8362
395,8173,8548
396,8317,8170
397,8275,7914
398,8245,8273
399,8270,8542
400,8295,8222
401,8287,8160
402,8290,8088
403,8286,8186
404,8218,8156
405,8221,8066
406,8267,7964
407,8250,8279
408,8232,8169
409,8299,8281
410,8242,8266
411,8225,8307
412,8232,8262
413,8217,7884
414,8266,8013
415,8239,8017
416,8172,7911
417,8204,8345
418,8282,8088
419,8273,8063
420,8266,8598
421,8246,8224
422,8286,8446
423,8269,8403
424,8275,8244
425,8258,8271
426,8210,7761
427,8293,8199
428,8267,8109
429,8265,8197
430,8266,7879
431,8288,8341
432,8245,8400
433,8262,8333
434,8230,8077
435,8303,8292
436,8233,8170
437,8224,8279
438,8302,8055
439,8255,8291
440,8253,8164
441,8274,8283
442,8197,7835
443,8267,8279
444,8277,8356
445,8257,8308
446,8273,8067
447,8278,8231
448,8332,8289
449,8209,8257
450,8239,8106
451,8254,8145
452,8243,8155
453,8218,8469
454,8214,8361
455,8248,8116
456,8246,8267
457,8275,8228
458,8270,8293
459,8286,8191
460,8246,8191
461,8281,7958
462,8248,8250
463,8250,8310
464,8230,8242
465,8276,7853
466,8266,8102
467,8207,8452
468,8256,8122
469,8228,8139
470,8252,7908
471,8205,8340
472,8284,8431
473,8289,8065
474,8247,8258
475,8281,8095
476,8232,8151
477,8282,8074
478,8238,8128
479,8196,8489
480,8234,7851
481,8207,8050
482,8235,8109
483,8205,8555
484,8219,8264
485,8252,8394
486,8265,8170
487,8263,8366
488,8196,8324
489,8243,8158
490,8270,8472
491,8236,8169
492,8278,8505
493,8223,8033
494,8228,8270
495,8224,8139
496,8240,8288
497,8231,8042
498,8281,8584
499,8237,8276
500,8288,8234
501,8264,8242
502,8275,8335
503,8225,8251
504,8270,8435
505,8261,8102
506,8276,8294
507,8301,7974
508,8263,8025
509,8229,7812
510,8289,8095
511,8245,8180
512,8273,8257
513,8224,8006
514,8254,8239
515,8195,8428
516,8252,8214
517,8243,8209
518,8281,8078
519,8260,8366
520,8232,8247
521,8265,8483
522,8227,8170
523,8264,8200
524,8249,7989
525,8225,8190
526,8285,7990
527,8240,8146
528,8217,8406
529,8200,8500
530,8226,8174
531,8270,8220
532,8248,8084
533,8264,8239
534,8242,8041
535,8268,7993
536,8291,8035
537,8248,8284
538,8232,7955
539,8214,7834
540,8263,8155
541,8254,8101
542,8242,8069
543,8280,8220
544,8283,8481
545,8294,8155
546,8265,8102
547,8253,8253
548,8250,8453
549,8312,8292
550,8204,8469
551,8266,7878
552,8280,8135
553,8271,7857
554,8270,8209
555,8249,8135
556,8282,7982
557,8247,8080
558,8211,8123
559,8287,8289
560,8255,8302
561,8240,8080
562,8175,8437
563,8220,8458
564,8284,8120
565,8236,8340
566,8237,8011
567,8275,8005
568,8222,7793
569,8278,8054
570,8277,8222
571,8235,8370
572,8287,7837
573,8223,8319
574,8240,8237
575,8276,8018
576,8224,8043
577,8273,8209
578,8210,8404
579,8266,7768
580,8245,7982
581,8238,8353
582,8273,8032
583,8228,7955
584,8244,8519
585,8263,7871
586,8266,8203
587,8248,8106
588,8228,8176
589,8305,8256
590,8244,8309
591,8281,8275
592,8277,8242
593,8279,8411
594,8242,8280
595,8222,8084
596,8277,7985
597,8261,8225
598,8221,8290
599,8292,7874
600,8100,8474
601,8218,8406
602,8282,8146
603,8262,8117
604,8211,8521
605,8203,8511
606,8236,8191
607,8287,7947
608,8222,8375
609,8179,7828
610,8278,8183
611,8239,8270
612,8266,7947
613,8256,8030
614,8241,8365
615,8221,7825
616,8279,7955
617,8288,8223
618,8226,8158
619,8293,8263
620,8268,8086
621,8281,8074
622,8279,7910
623,8284,8348
624,8221,8010
625,8285,8353
626,8292,8203
627,8233,8146
628,8219,8570
629,8276,7954
630,8227,8084
631,8271,8272
632,8269,8068
633,8326,8192
634,8246,8220
635,8279,8302
636,8277,8381
637,8197,8479
638,8286,8090
639,8205,7915
640,8283,7852
641,8242,8242
642,8264,8219
643,8257,8210
644,8225,8092
645,8228,7930
646,8242,8057
647,8271,8073
648,8281,8347
649,8232,8252
650,8210,8249
651,8305,8103
652,8203,8395
653,8263,8407
654,8263,7803
655,8291,8302
656,8243,8310
657,8275,8325
658,8299,8216
659,8235,7937
660,8262,8148
661,8268,8358
662,8242,8347
663,8248,8144
664,8245,8165
665,8226,8141
666,8250,8263
667,8281,8178
668,8328,8283
669,8199,8211
670,8233,8183
671,8232,8104
672,8269,8466
673,8272,8208
674,8216,7839
675,8287,8428
676,8262,8230
677,8258,7960
678,8185,8383
679,8222,8176
680,8270,8180
681,8252,8094
682,8279,8250
683,8243,7865
684,8234,8173
685,8242,8382
686,8276,8528
687,8284,7790
688,8244,8382
689,8184,8153
690,8231,8198
691,8248,8411
692,8309,8113
693,8282,8073
694,8285,8419
695,8195,8417
696,8289,8041
697,8276,7950
698,8277,8355
699,8235,8105
700,8277,8388
701,8252,7992
702,8242,8153
703,8231,8087
704,8231,8307
705,8272,7915
706,8274,8434
707,8238,8232
708,8261,8412
709,8243,8191
710,8226,8326
711,8235,7975
712,8252,8247
713,8223,8407
714,8268,8347
715,8232,7988
716,8244,8189
717,8272,8263
718,8223,8105
719,8281,8333
720,8286,8091
721,8226,8015
722,8240,8163
723,8226,8264
724,8232,8216
725,8253,8343
726,8308,8183
727,8296,8095
728,8282,8208
729,8177,8219
730,8233,8045
731,8242,8236
732,8292,7929
733,8258,8215
734,8228,8366
735,8239,8252
736,8242,8130
737,8256,7936
738,8229,8265
739,8281,8113
740,8244,8202
741,8276,8455
742,8230,8274
743,8265,8181
744,8171,8331
745,8238,8147
746,8257,8157
747,8177,8110
748,8206,8377
749,8238,8028
750,8296,8142
751,8229,8257
752,8327,8288
753,8286,8087
754,8311,8064
755,8242,8316
756,8270,8543
757,8248,8157
758,8296,8063
759,8252,8380
760,8227,8218
761,8270,8211
762,8242,8287
763,8280,8177
764,8198,8338
765,8278,8379
766,8231,8282
767,8284,8123
768,8240,8165
769,8283,7936
770,8188,8173
771,8202,8345
772,8230,8161
773,8276,8376
774,8205,8362
775,8280,8211
776,8340,8206
777,8275,8258
778,8268,8237
779,8237,8446
780,8329,8278
781,8253,8032
782,8224,8176
783,8243,8123
784,8234,7909
785,8228,8052
786,8246,8016
787,8316,8243
788,8262,8025
789,8242,7974
790,8262,8112
791,8284,8129
792,8269,8380
793,8214,8049
794,8225,8357
795,8257,8185
796,8247,8196
797,8315,8165
798,8248,7907
799,8299,8010
800,8270,8347
801,8277,8277
802,8228,8264
803,8202,8373
804,8280,8290
805,8264,8271
806,8219,7836
807,8188,8297
808,8228,8139
809,8209,7929
810,8293,8297
811,8251,8056
812,8252,8062
813,8271,7957
814,8212,8413
815,8276,8350
816,8279,7741
817,8194,7792
818,8270,8242
819,8267,8033
820,8289,8145
821,8200,8220
822,8274,8180
823,8261,8513
824,8262,8357
825,8235,8320
826,8247,8196
827,8221,7738
828,8275,8428
829,8233,8169
830,8236,8252
831,8280,8312
832,8231,8110
833,8241,8168
834,8284,8310
835,8292,8146
836,8215,8234
837,8231,8442
838,8267,8297
839,8266,8322
840,8275,8118
841,8288,8096
842,8244,7969
843,8287,8143
844,8238,8407
845,8315,8034
846,8228,8205
847,8212,8357
848,8291,8204
849,8236,8203
850,8273,8271
851,8282,8237
852,8269,8055
853,8204,8469
854,8226,8144
855,8245,8410
856,8219,7970
857,8253,8131
858,8266,8519
859,8278,8327
860,8224,8372
861,8230,8384
862,8272,8099
863,8299,8233
864,8259,8051
865,8197,8636
866,8239,8444
867,8296,8277
868,8260,8323
869,8257,8225
870,8212,8560
871,8203,8324
872,8268,8384
873,8238,8383
874,8230,7992
875,8250,8209
876,8270,8405
877,8177,8377
878,8258,8124
879,8211,8369
880,8275,8198
881,8280,8028
882,8287,7907
883,8283,8146
884,8227,8164
885,8211,8335
886,8276,8020
887,8259,8180
888,8246,8127
889,8237,8194
890,8251,7809
891,8262,8190
892,8286,8183
893,8264,7843
894,8246,8131
895,8230,7897
896,8276,8287
897,8214,8199
898,8277,8109
899,8284,8319
900,8234,8180
901,8277,8418
902,8236,7934
903,8276,8076
904,8267,8171
905,8171,8466
906,8267,8243
907,8260,8422
908,8256,8320
909,8202,8270
910,8238,8476
911,8214,8297
912,8286,8004
913,8259,8166
914,8262,8478
915,8227,8013
916,8228,7971
917,8213,7859
918,8229,8136
919,8227,8179
920,8208,8069
921,8171,8084
922,8246,8094
923,8224,8532
924,8241,8164
925,8273,7721
926,8285,8294
927,8251,8438
928,8291,8087
929,8202,8396
930,8272,7980
931,8236,8269
932,8241,8244
933,8262,8411
934,8275,8334
935,8230,8159
936,8237,7913
937,8271,8163
938,8240,8292
939,8227,8217
940,8279,8109
941,8220,8406
942,8266,8257
943,8221,8139
944,8215,8500
945,8275,7931
946,8282,7987
947,8220,8654
948,8208,7837
949,8274,7949
950,8262,8267
951,8266,8331
952,8210,8267
953,8261,8325
954,8224,7999
955,8163,8424
956,8201,8379
957,8282,8289
958,8238,8326
959,8241,8304
960,8244,8434
961,8272,8022
962,8258,8316
963,8228,8159
964,8204,8074
965,8269,8218
966,8258,8262
967,8251,7908
968,8285,8286
969,8276,8400
970,8222,8133
971,8118,7839
972,8241,8345
973,8176,7883
974,8245,8037
975,8277,8386
976,8282,7950
977,8301,7826
978,8267,8258
979,8194,8556
980,8238,8370
981,8232,7998
982,8282,7912
983,8244,8186
984,8291,8078
985,8267,7941
986,8243,8150
987,8183,8176
988,8199,8368
989,8207,8187
990,8229,8019
991,8164,8129
992,8317,8162
993,8311,8314
994,8205,8154
995,8187,8448
996,8281,8162
997,8285,8053
998,8259,7997
999,8265,8391
1000,8298,7850
1001,8249,7946
1002,8272,8226
1003,8236,8160
1004,8226,8411
1005,8230,8144
1006,8275,8275
1007,8244,8413
1008,8266,8190
1009,8269,8133
1010,8266,8302
1011,8262,8356
1012,8284,8336
1013,8241,7784
1014,8230,8258
1015,8185,8032
1016,8256,8076
1017,8245,8429
1018,8293,8241
1019,8233,8333
1020,8278,8159
1021,8172,8515
1022,8269,8203
1023,8243,8236
1024,8234,8290
1025,8286,8216
1026,8219,7942
1027,8243,8341
1028,8256,7933
1029,8184,7736
1030,8302,8129
1031,8203,7886
1032,8281,8403
1033,8161,8525
1034,8312,8245
1035,8253,7974
1036,8213,8061
1037,8263,8400
1038,8271,8104
1039,8275,8099
1040,8230,8046
1041,8288,8119
1042,8205,8275
1043,8214,8199
1044,8243,8024
1045,8312,8171
1046,8161,7716
1047,8253,8297
1048,8274,8018
1049,8285,8312
1050,8244,8163
1051,8264,8198
1052,8238,8160
1053,8281,8086
1054,8257,8256
1055,8229,8333
1056,8226,8127
1057,8216,8178
1058,8262,8071
1059,8236,7994
1060,8276,8164
1061,8267,8260
1062,8258,8354
1063,8212,8417
1064,8222,8397
1065,8211,8157
1066,8237,8083
1067,8272,8555
1068,8285,8126
1069,8248,7942
1070,8270,8158
1071,8225,7993
1072,8259,8297
1073,8270,8364
1074,8287,8318
1075,8251,8054
1076,8228,8266
1077,8204,8199
1078,8205,7919
1079,8267,8058
1080,8246,8250
1081,8268,8195
1082,8236,8233
1083,8270,8329
1084,8182,7984
1085,8274,8302
1086,8266,8017
1087,8283,8118
1088,8233,8321
1089,8216,7862
1090,8197,8165
1091,8280,8121
1092,8207,8308
1093,8252,7994
1094,8245,8073
1095,8282,8050
1096,8243,8168
1097,8230,8179
1098,8212,8291
1099,8244,8102
1100,8239,8238
1101,8265,8130
1102,8280,8391
1103,8233,7990
1104,8197,7817
1105,8204,8301
1106,8234,8157
1107,8254,8209
1108,8208,8581
1109,8306,8325
1110,8239,8291
1111,8262,8291
1112,8236,8265
1113,8236,8144
1114,8283,7898
1115,8244,8327
1116,8280,8230
1117,8264,8515
1118,8265,8242
1119,8230,8212
1120,8248,7916
1121,8221,8214
1122,8277,7951
1123,8301,8249
1124,8282,8192
1125,8294,7919
1126,8282,7875
1127,8223,8111
1128,8235,7866
1129,8235,8199
1130,8257,8295
1131,8259,8150
1132,8194,7974
1133,8277,8253
1134,8274,8222
1135,8272,8352
1136,8269,8217
1137,8207,8388
1138,8186,8482
1139,8231,8199
1140,8282,8087
1141,8265,8116
1142,8201,8333
1143,8264,8310
1144,8246,8261
1145,8187,7887
1146,8250,8144
1147,8224,8389
1148,8247,8162
1149,8253,8293
1150,8245,8210
1151,8262,8090
1152,8192,7931
1153,8301,8085
1154,8230,8037
1155,8257,8319
1156,8297,8288
1157,8234,7944
1158,8274,8537
1159,8199,8120
1160,8246,8020
1161,8296,8072
1162,8178,8131
1163,8272,7967
1164,8235,8399
1165,8231,8279
1166,8232,8301
1167,8227,8334
1168,8277,8276
1169,8285,8254
1170,8195,8123
1171,8287,8333
1172,8232,8227
1173,8237,8126
1174,8267,8113
1175,8279,8158
1176,8285,8419
1177,8268,8252
1178,8282,8328
1179,8263,8182
1180,8208,8241
1181,8267,8459
1182,8264,8424
1183,8255,8164
1184,8271,8271
1185,8162,8650
1186,8272,7960
1187,8251,8240
1188,8245,8194
1189,8265,8181
1190,8231,8149
1191,8284,8190
1192,8288,8262
1193,8300,8195
1194,8230,8398
1195,8290,8134
1196,8315,8044
1197,8221,8333
1198,8236,8107
1199,8239,8395
1200,8274,7995
1201,8236,8224
1202,8276,8283
1203,8250,8317
1204,8213,8194
1205,8280,8298
1206,8221,7954
1207,8249,7864
1208,8247,8285
1209,8246,8345
1210,8273,8093
1211,8261,8272
1212,8245,8258
1213,8210,8189
1214,8238,8381
1215,8222,7871
1216,8268,8438
1217,8226,8217
1218,8247,8156
1219,8281,8140
1220,8187,8054
1221,8284,7936
1222,8278,8334
1223,8252,8289
1224,8215,8217
1225,8222,8172
1226,8286,8117
1227,8276,8032
1228,8270,8367
1229,8266,7886
1230,8268,8122
1231,8198,8332
1232,8258,8258
1233,8212,8397
1234,8258,8268
1235,8271,8281
1236,8257,8134
1237,8256,8201
1238,8204,8196
1239,8269,8242
1240,8257,8156
1241,8226,8168
1242,8232,8157
1243,8292,8117
1244,8278,8375
1245,8258,8000
1246,8224,8242
1247,8194,8306
1248,8250,8148
1249,8275,8321
1250,8271,8381
1251,8219,7946
1252,8223,8310
1253,8279,8136
1254,8286,8131
1255,8246,8044
1256,8268,8315
1257,8244,8043
1258,8287,8251
1259,8259,8044
1260,8250,8194
1261,8238,8237
1262,8256,8204
1263,8246,8066
1264,8224,8140
1265,8243,8213
1266,8171,8063
1267,8263,8145
1268,8233,8002
1269,8212,8299
1270,8204,8137
1271,8234,8366
1272,8274,8284
1273,8276,7910
1274,8239,8421
1275,8246,8022
1276,8262,8268
1277,8267,7933
1278,8200,8510
1279,8273,8082
1280,8235,8306
1281,8178,7886
1282,8282,8239
1283,8257,8381
1284,8279,8150
1285,8282,8111
1286,8244,8385
1287,8264,7893
1288,8283,8047
1289,8328,8203
1290,8229,8370
1291,8226,8136
1292,8292,8014
1293,8249,8082
1294,8248,8259
1295,8226,8096
1296,8262,8057
1297,8230,8008
1298,8286,8110
1299,8186,7959
1300,8268,8018
1301,8263,8580
1302,8278,7975
1303,8270,8130
1304,8278,8239
1305,8212,7949
1306,8293,8150
1307,8287,8106
1308,8111,8204
1309,8269,7950
1310,8204,7987
1311,8231,8093
1312,8208,8196
1313,8273,8055
1314,8281,8292
1315,8225,7982
1316,8223,8445
1317,8200,8203
1318,8109,8220
1319,8219,8078
1320,8219,8212
1321,8257,8419
1322,8194,7847
1323,8270,8042
1324,8273,8412
1325,8294,7992
1326,8246,8048
1327,8285,8209
1328,8259,8169
1329,8270,8207
1330,8286,8366
1331,8302,8069
1332,8299,8150
1333,8269,8003
1334,8258,8497
1335,8278,8318
1336,8230,8010
1337,8232,8034
1338,8264,7903
1339,8263,8001
1340,8296,8194
1341,8248,8183
1342,8228,8265
1343,8261,8421
1344,8296,8222
1345,8278,8444
1346,8232,8209
1347,8221,8412
1348,8126,8340
1349,8292,8038
1350,8230,8370
1351,8221,8437
1352,8255,8196
1353,8249,8150
1354,8255,8175
1355,8216,7889
1356,8289,8072
1357,8252,8153
1358,8256,8306
1359,8247,8155
1360,8300,7968
1361,8267,8332
1362,8238,8069
1363,8245,8093
1364,8287,8264
1365,8239,8023
1366,8300,8003
1367,8267,8163
1368,8185,8120
1369,8259,8187
1370,8227,7882
1371,8221,7737
1372,8291,8182
1373,8285,8265
1374,8254,8163
1375,8223,8317
1376,8269,8329
1377,8265,8148
1378,8284,8109
1379,8231,8154
1380,8233,8285
1381,8264,8192
1382,8270,8388
1383,8267,7981
1384,8226,8336
1385,8263,8229
1386,8269,8224
1387,8226,8197
1388,8257,8574
1389,8241,8259
1390,8226,8209
1391,8258,8464
1392,8187,7921
1393,8218,8265
1394,8286,8082
1395,8278,8352
1396,8250,8132
1397,8261,8367
1398,8229,8363
1399,8286,8413
1400,8310,8207
1401,8270,8119
1402,8227,8427
1403,8290,8123
1404,8259,8220
1405,8270,8265
1406,8288,8128
1407,8237,8394
1408,8300,8181
1409,8261,8382
1410,8285,8178
1411,8248,8400
1412,8291,8372
1413,8191,8426
1414,8252,8040
1415,8250,8258
1416,8228,7997
1417,8209,8216
1418,8250,8073
1419,8227,8230
1420,8221,8069
1421,8281,7927
1422,8270,8298
1423,8274,8216
1424,8232,8076
1425,8236,8151
1426,8263,8252
1427,8228,8405
1428,8263,8196
1429,8290,8035
1430,8264,8415
1431,8213,8358
1432,8230,8180
1433,8231,8056
1434,8243,8439
1435,8169,8376
1436,8259,8218
1437,8287,8221
1438,8225,8184
1439,8214,8084
1440,8225,8154
1441,8237,8180
1442,8275,8305
1443,8273,8392
1444,8277,8347
1445,8279,8454
1446,8256,8483
1447,8240,7979
1448,8269,8159
1449,8118,7955
1450,8290,8012
1451,8180,8176
1452,8284,8256
1453,8224,8439
1454,8261,8391
1455,8222,8054
1456,8253,7815
1457,8219,7927
1458,8278,7782
1459,8215,8068
1460,8232,7955
1461,8280,8161
1462,8265,8278
1463,8215,7973
1464,8272,8054
1465,8206,8065
1466,8279,8216
1467,8284,8132
1468,8270,8282
1469,8233,8301
1470,8302,8108
1471,8280,8574
1472,8263,8146
1473,8279,8386
1474,8291,7986
1475,8221,7972
1476,8262,8091
1477,8173,8417
1478,8282,8336
1479,8258,8166
1480,8216,8038
1481,8284,8545
1482,8291,8181
1483,8228,8121
1484,8202,8172
1485,8222,8143
1486,8228,8149
1487,8273,7981
1488,8229,8184
1489,8282,8344
1490,8215,8403
1491,8233,8317
1492,8187,8571
1493,8294,8375
1494,8240,8248
1495,8249,8199
1496,8245,8014
1497,8261,8422
1498,8198,8334
1499,8277,8217
1500,8282,7832
1501,8247,8025
1502,8271,8158
1503,8201,8311
1504,8285,8066
1505,8280,8298
1506,8282,8188
1507,8264,8077
1508,8265,8268
1509,8233,8084
1510,8246,8128
1511,8238,8438
1512,8287,8379
1513,8214,8397
1514,8270,8226
1515,8289,8201
1516,8281,8411
1517,8249,8221
1518,8298,8288
1519,8229,7862
1520,8271,8176
1521,8279,8082
1522,8239,8071
1523,8273,8245
1524,8251,8145
1525,8228,8413
1526,8236,8245
1527,8247,7969
1528,8271,8148
1529,8280,8453
1530,8336,8124
1531,8277,7729
1532,8238,8203
1533,8275,7726
1534,8235,8111
1535,8187,8484
1536,8227,8226
1537,8224,8386
1538,8206,8338
1539,8120,8403
1540,8286,8063
1541,8255,8420
1542,8229,8020
1543,8275,8328
1544,8284,8278
1545,8287,8204
1546,8259,7986
1547,8269,8387
1548,8210,7965
1549,8220,8037
1550,8200,8505
1551,8246,7998
1552,8230,8094
1553,8275,8259
1554,8286,7947
1555,8298,8170
1556,8250,8034
1557,8310,7987
1558,8232,7845
1559,8234,7994
1560,8170,8239
1561,8286,8223
1562,8229,8105
1563,8277,8346
1564,8278,8425
1565,8267,8042
1566,8230,8053
1567,8227,8031
1568,8263,8232
1569,8267,8008
1570,8199,8641
1571,8230,8313
1572,8287,7922
1573,8279,8258
1574,8293,8352
1575,8264,8061
1576,8268,8279
1577,8242,8136
1578,8284,8142
1579,8283,8265
1580,8270,8224
1581,8246,8021
1582,8186,8332
1583,8179,8123
1584,8261,8306
1585,8285,7965
1586,8279,8197
1587,8221,8260
1588,8211,7923
1589,8271,8038
1590,8230,8110
1591,8203,8344
1592,8262,8060
1593,8263,8012
1594,8285,7965
1595,8258,8244
1596,8260,8158
1597,8274,8241
1598,8229,7937
1599,8239,7784
1600,8298,8062
1601,8264,8382
1602,8282,7854
1603,8271,8026
1604,8226,8311
1605,8243,8402
1606,8221,8169
1607,8266,8064
1608,8217,8322
1609,8264,8388
1610,8234,8139
1611,8283,8076
1612,8307,8337
1613,8229,7986
1614,8234,8163
1615,8291,8147
1616,8220,8175
1617,8239,8367
1618,8204,8104
1619,8278,8094
1620,8258,8095
1621,8261,8172
1622,8197,8264
1623,8227,8216
1624,8285,8196
1625,8245,8129
1626,8316,8083
1627,8268,8318
1628,8229,8189
1629,8258,8228
1630,8254,8332
1631,8264,8260
1632,8252,8223
1633,8194,8286
1634,8246,8126
1635,8228,7947
1636,8256,8402
1637,8246,8044
1638,8213,8329
1639,8302,8076
1640,8232,8239
1641,8209,8399
1642,8198,8458
1643,8281,7943
1644,8239,7978
1645,8244,8105
1646,8263,8454
1647,8282,8286
1648,8242,8064
1649,8275,8232
1650,8214,8187
1651,8254,8063
1652,8246,8380
1653,8285,8301
1654,8214,8094
1655,8240,8218
1656,8240,8249
1657,8339,8108
1658,8232,8233
1659,8213,8591
1660,8264,8317
1661,8277,8390
1662,8297,8072
1663,8303,8269
1664,8239,8369
1665,8245,8185
1666,8277,8022
1667,8273,8139
1668,8214,8365
1669,8259,8091
1670,8284,8147
1671,8198,8474
1672,8247,8065
1673,8227,8006
1674,8231,8159
1675,8268,8288
1676,8282,7942
1677,8265,8290
1678,8250,8194
1679,8263,8071
1680,8235,7987
1681,8284,8152
1682,8242,8093
1683,8281,8306
1684,8263,8204
1685,8208,8433
1686,8273,7777
1687,8187,8266
1688,8216,8409
1689,8271,8100
1690,8266,8178
1691,8264,8249
1692,8226,8281
1693,8201,8176
1694,8276,8278
1695,8218,8312
1696,8197,8179
1697,8271,8217
1698,8276,8332
1699,8268,8192
1700,8226,8239
1701,8245,8374
1702,8252,8265
1703,8207,8061
1704,8194,8160
1705,8237,8001
1706,8273,8273
1707,8265,8300
1708,8324,8276
1709,8225,8107
1710,8257,8042
1711,8234,8188
1712,8232,8149
1713,8212,8291
1714,8226,8154
1715,8256,8202
1716,8234,7968
1717,8225,8165
1718,8181,8258
1719,8234,8291
1720,8276,8344
1721,8267,7960
1722,8243,8279
1723,8238,7887
1724,8270,8301
1725,8282,8345
1726,8282,8145
1727,8226,8282
1728,8211,8412
1729,8317,7961
1730,8247,8358
1731,8192,7824
1732,8286,8168
1733,8225,8041
1734,8263,8490
1735,8294,8282
1736,8202,8442
1737,8201,8382
1738,8301,8052
1739,8232,8163
1740,8261,8276
1741,8172,8380
1742,8268,7926
1743,8259,8183
1744,8266,8452
1745,8212,8540
1746,8227,7791
1747,8199,8561
1748,8278,8252
1749,8226,8271
1750,8229,8375
1751,8293,8324
1752,8204,8381
1753,8287,8014
1754,8304,8351
1755,8279,8027
1756,8231,7972
1757,8304,8045
1758,8297,8045
1759,8250,8058
1760,8265,8332
1761,8286,8476
1762,8234,7858
1763,8235,8168
1764,8202,8323
1765,8265,8324
1766,8235,8113
1767,8235,7821
1768,8221,8540
1769,8231,7964
1770,8286,8321
1771,8266,8247
1772,8236,8079
1773,8258,8387
1774,8281,8253
1775,8271,8201
1776,8278,8086
1777,8261,8333
1778,8263,7922
1779,8260,8244
1780,8228,8288
1781,8205,8312
1782,8247,7995
1783,8300,8144
1784,8266,8301
1785,8166,8118
1786,8220,8263
1787,8265,8129
1788,8295,8113
1789,8225,8218
1790,8218,8394
1791,8277,8154
1792,8229,8420
1793,8267,7985
1794,8276,8308
1795,8205,8061
1796,8231,8309
1797,8229,8199
1798,8232,8111
1799,8234,7988
1800,8273,8449
1801,8230,8294
1802,8245,8255
1803,8254,8106
1804,8275,8143
1805,8278,8030
1806,8200,7948
1807,8240,8455
1808,8220,8235
1809,8300,8194
1810,8270,8320
1811,8246,8253
1812,8198,8432
1813,8196,7830
1814,8281,7987
1815,8224,8107
1816,8274,8180
1817,8243,7955
1818,8242,8176
1819,8262,8258
1820,8197,8274
1821,8283,8536
1822,8257,8107
1823,8203,8329
1824,8211,8365
1825,8278,8128
1826,8212,8219
1827,8285,8135
1828,8248,8134
1829,8291,8092
1830,8214,8295
1831,8285,8459
1832,8299,8048
1833,8232,7865
1834,8297,7973
1835,8267,8554
1836,8249,8190
1837,8224,8083
1838,8258,8318
1839,8270,8124
1840,8284,8106
1841,8178,8395
1842,8236,8238
1843,8277,8178
1844,8228,8144
1845,8230,8293
1846,8220,8394
1847,8282,7918
1848,8266,7829
1849,8238,8287
1850,8278,8315
1851,8270,8239
1852,8256,8002
1853,8259,8320
1854,8226,7881
1855,8194,8001
1856,8261,8044
1857,8269,8260
1858,8272,8316
1859,8296,8060
1860,8295,8217
1861,8284,7953
1862,8204,7746
1863,8264,8422
1864,8278,8290
1865,8212,8430
1866,8284,8297
1867,8284,8412
1868,8271,7812
1869,8283,8306
1870,8233,8269
1871,8187,8139
1872,8256,8338
1873,8282,7867
1874,8299,8017
1875,8228,8291
1876,8279,7941
1877,8275,7879
1878,8228,8068
1879,8266,8083
1880,8234,8313
1881,8234,8340
1882,8238,8120
1883,8229,8105
1884,8263,8390
1885,8264,8530
1886,8263,8247
1887,8285,8314
1888,8295,8216
1889,8234,8304
1890,8233,8158
1891,8277,8326
1892,8203,8407
1893,8263,7708
1894,8225,8185
1895,8244,8285
1896,8252,8253
1897,8283,8218
1898,8274,8212
1899,8301,8092
1900,8282,8174
1901,8281,8155
1902,8218,8139
1903,8259,7860
1904,8193,8276
1905,8293,8293
1906,8296,8274
1907,8286,8346
1908,8244,8457
1909,8278,8085
1910,8277,8380
1911,8226,8414
1912,8225,8001
1913,8233,8278
1914,8280,8233
1915,8227,8370
1916,8275,8075
1917,8229,8343
1918,8221,8407
1919,8244,7990
1920,8234,7943
1921,8285,8317
1922,8252,8110
1923,8265,8338
1924,8238,7921
1925,8249,8247
1926,8284,8298
1927,8239,8398
1928,8237,8275
1929,8284,8299
1930,8222,8141
1931,8270,8052
1932,8207,8206
1933,8230,8067
1934,8253,8406
1935,8285,8137
1936,8121,8053
1937,8269,8196
1938,8288,8044
1939,8245,8052
1940,8269,8219
1941,8227,8188
1942,8278,8470
1943,8293,7966
1944,8188,8185
1945,8285,8103
1946,8293,8074
1947,8243,7806
1948,8310,8234
1949,8259,8404
1950,8275,7776
1951,8279,8505
1952,8223,8283
1953,8214,8099
1954,8305,8192
1955,8271,7977
1956,8303,8117
1957,8276,8228
1958,8273,8309
1959,8272,8410
1960,8232,8208
1961,8261,7838
1962,8238,7999
1963,8216,8132
1964,8267,8172
1965,8260,8470
1966,8264,8114
1967,8199,8263
1968,8314,7936
1969,8230,7789
1970,8252,8326
1971,8259,8538
1972,8284,8284
1973,8228,8131
1974,8283,8336
1975,8267,7868
1976,8200,8412
1977,8281,8173
1978,8287,8216
1979,8291,8295
1980,8272,7866
1981,8246,8274
1982,8262,8329
1983,8203,8509
1984,8267,7990
1985,8274,8058
1986,8266,8396
1987,8279,8158
1988,8254,8134
1989,8253,7966
1990,8269,8336
1991,8268,8391
1992,8171,8406
1993,8233,8191
1994,8287,8287
1995,8247,8259
1996,8277,8354
1997,8247,7933
1998,8233,7919
1999,8273,8232
2000,8269,8265
2001,8231,8082
2002,8284,8097
2003,8232,8154
2004,8215,7723
2005,8190,8461
2006,8275,8232
2007,8325,8225
2008,8233,8555
2009,8291,7819
2010,8271,8147
2011,8285,8186
2012,8260,7814
2013,8264,7850
2014,8195,7831
2015,8208,8369
2016,8298,7997
2017,8229,8300
2018,8269,8372
2019,8280,8186
2020,8277,7816
2021,8222,8372
2022,8205,7812
2023,8234,8390
2024,8209,8377
2025,8237,8216
2026,8263,8247
2027,8285,8204
2028,8277,8214
2029,8272,8051
2030,8292,8033
2031,8281,7982
2032,8242,8202
2033,8280,8308
2034,8187,7853
2035,8238,8400
2036,8233,8111
2037,8309,8191
2038,8279,8151
2039,8212,7931
2040,8266,8452
2041,8248,8297
2042,8222,8230
2043,8197,8197
2044,8262,8094
2045,8218,8070
2046,8281,8412
2047,8259,8433
2048,8275,8236
2049,8294,8187
2050,8301,7965
2051,8220,8317
2052,8262,7844
2053,8292,8173
2054,8291,8204
2055,8259,8071
2056,8229,8308
2057,8273,8341
2058,8219,8365
2059,8264,8201
2060,8194,8463
2061,8300,8153
2062,8292,8465
2063,8271,8206
2064,8232,7850
2065,8244,8196
2066,8291,7860
2067,8254,8224
2068,8246,8084
2069,8268,7890
2070,8236,8100
2071,8264,8282
2072,8217,8323
2073,8211,8280
2074,8275,8311
2075,8218,8538
2076,8231,8310
2077,8295,7996
2078,8284,8120
2079,8268,8320
2080,8279,8405
2081,8221,8329
2082,8329,8233
2083,8282,7975
2084,8287,8245
2085,8299,8348
2086,8220,8159
2087,8273,8308
2088,8242,8000
2089,8264,8143
2090,8234,8241
2091,8236,8217
2092,8273,8069
2093,8226,8373
2094,8287,8228
2095,8211,8177
2096,8251,7896
2097,8239,8166
2098,8251,8206
2099,8216,8351
2100,8239,8173
2101,8173,8305
2102,8273,8137
2103,8254,8061
2104,8122,8432
2105,8324,8196
2106,8226,8243
2107,8261,8227
2108,8258,8145
2109,8281,8368
2110,8318,8246
2111,8237,8110
2112,8182,8338
2113,8242,8134
2114,8233,8640
2115,8236,7827
2116,8266,8297
2117,8313,8238
2118,8280,8275
2119,8229,8108
2120,8279,8390
2121,8220,8215
2122,8261,8204
2123,8194,7918
2124,8258,8090
2125,8239,8002
2126,8324,7986
2127,8215,8196
2128,8232,8098
2129,8261,8345
2130,8239,7878
2131,8218,8056
2132,8260,8366
2133,8283,7936
2134,8290,8409
2135,8267,8045
2136,8233,8028
2137,8226,8238
2138,8281,7976
2139,8277,8278
2140,8251,7738
2141,8114,8348
2142,8236,8288
2143,8223,8499
2144,8280,8296
2145,8270,8004
2146,8273,8144
2147,8188,8488
2148,8235,8271
2149,8278,8066
2150,8115,8588
2151,8226,8108
2152,8262,8145
2153,8190,8408
2154,8275,8303
2155,8217,7974
2156,8252,8548
2157,8279,8122
2158,8291,8216
2159,8279,7782
2160,8273,8244
2161,8313,8310
2162,8224,8097
2163,8275,8411
2164,8274,7987
2165,8250,8102
2166,8196,8326
2167,8273,8144
2168,8272,8280
2169,8263,7965
2170,8286,8177
2171,8291,8101
2172,8287,8225
2173,8298,8163
2174,8248,8120
2175,8274,7877
2176,8239,7979
2177,8284,8126
2178,8249,8324
2179,8224,8100
2180,8226,7936
2181,8238,8115
2182,8286,8065
2183,8260,8334
2184,8224,8068
2185,8280,8268
2186,8272,8359
2187,8263,7924
2188,8228,8190
2189,8185,8167
2190,8283,8340
2191,8282,7931
2192,8229,8277
2193,8242,8273
2194,8202,8208
2195,8216,8437
2196,8279,8271
2197,8294,8003
2198,8239,8517
2199,8187,8210
2200,8242,8176
2201,8254,8315
2202,8265,8294
2203,8204,8236
2204,8250,7704
2205,8219,8496
2206,8286,8151
2207,8276,8478
2208,8210,8453
2209,8258,8528
2210,8276,8214
2211,8268,7724
2212,8274,8228
2213,8236,8047
2214,8223,8129
2215,8241,8319
2216,8276,8273
2217,8251,8038
2218,8256,8198
2219,8274,8123
2220,8274,8381
2221,8240,8317
2222,8178,8199
2223,8281,8269
2224,8285,8282
2225,8225,8178
2226,8262,8216
2227,8274,8033
2228,8230,8331
2229,8318,8056
2230,8265,8112
2231,8278,8107
2232,8232,8210
2233,8220,8512
2234,8264,8403
2235,8216,8534
2236,8241,7914
2237,8234,8291
2238,8235,8394
2239,8221,7940
2240,8257,8370
2241,8216,8252
2242,8239,7917
2243,8284,8219
2244,8218,8250
2245,8273,8395
2246,8218,8305
2247,8164,8513
2248,8212,8533
2249,8215,7894
2250,8254,8061
2251,8283,8063
2252,8210,7999
2253,8244,8326
2254,8247,8226
2255,8234,8262
2256,8281,8278
2257,8259,8221
2258,8228,8120
2259,8175,8451
2260,8184,8551
2261,8260,8277
2262,8183,8212
2263,8262,8418
2264,8290,8084
2265,8215,7955
2266,8285,8275
2267,8239,8205
2268,8242,8209
2269,8276,8215
2270,8256,8220
2271,8269,8007
2272,8178,8428
2273,8242,7863
2274,8206,7789
2275,8256,8017
2276,8237,8111
2277,8235,8177
2278,8230,8282
2279,8263,8165
2280,8298,8113
2281,8208,7921
2282,8311,8138
2283,8293,8051
2284,8245,7904
2285,8220,8318
2286,8231,7950
2287,8227,8281
2288,8276,8491
2289,8198,8220
2290,8254,7916
2291,8279,7922
2292,8224,8229
2293,8248,7946
2294,8287,8236
2295,8299,7964
2296,8121,8203
2297,8280,8397
2298,8228,8227
2299,8228,8270
2300,8272,8364
2301,8222,8227
2302,8276,8281
2303,8206,8227
2304,8257,8222
2305,8215,8399
2306,8290,8257
2307,8247,7907
2308,8197,8525
2309,8273,8206
2310,8237,8354
2311,8213,8391
2312,8248,8258
2313,8188,8294
2314,8204,8356
2315,8238,8158
2316,8224,8160
2317,8260,8189
2318,8265,7745
2319,8269,8163
2320,8260,8374
2321,8250,8105
2322,8169,8455
2323,8240,8158
2324,8232,8159
2325,8216,8198
2326,8270,8376
2327,8247,8426
2328,8264,8310
2329,8247,8392
2330,8284,8415
2331,8248,8174
2332,8275,8413
2333,8224,8022
2334,8236,7849
2335,8224,8091
2336,8286,8367
2337,8226,7868
2338,8214,7842
2339,8262,7988
2340,8287,8324
2341,8236,7738
2342,8283,8061
2343,8261,8471
2344,8274,8165
2345,8274,8229
2346,8229,8133
2347,8254,8051
2348,8257,8418
2349,8266,8200
2350,8231,8280
2351,8245,8252
2352,8209,8190
2353,8248,8108
2354,8224,7943
2355,8225,8225
2356,8224,8274
2357,8296,8129
2358,8252,8038
2359,8245,8123
2360,8232,7834
2361,8204,8122
2362,8200,8325
2363,8221,8277
2364,8298,8036
2365,8244,8413
2366,8269,8483
2367,8248,8273
2368,8276,8165
2369,8248,8325
2370,8245,7779
2371,8118,8651
2372,8228,8267
2373,8283,8123
2374,8226,8295
2375,8260,8389
2376,8231,8376
2377,8236,8410
2378,8247,8184
2379,8282,8521
2380,8280,8315
2381,8275,8220
2382,8268,8409
2383,8246,8227
2384,8258,8234
2385,8226,7906
2386,8211,8320
2387,8262,8249
2388,8268,8220
2389,8278,7805
2390,8265,7959
2391,8235,8253
2392,8270,8037
2393,8248,8280
2394,8174,8151
2395,8261,8593
2396,8221,8256
2397,8231,8252
2398,8276,7807
2399,8235,8516
2400,8280,8101
2401,8287,8291
2402,8258,8220
2403,8220,8395
2404,8225,8296
2405,8295,8119
2406,8196,8346
2407,8220,8110
2408,8268,8156
2409,8209,7837
2410,8217,8085
2411,8279,8423
2412,8300,8392
2413,8262,8321
2414,8275,8334
2415,8203,8242
2416,8267,8204
2417,8210,8381
2418,8259,8049
2419,8253,8149
2420,8184,8331
2421,8223,8228
2422,8258,8452
2423,8214,7879
2424,8237,8360
2425,8254,7919
2426,8261,8642
2427,8244,7974
2428,8262,8466
2429,8277,7915
2430,8215,8605
2431,8234,8089
2432,8301,8212
2433,8295,8318
2434,8296,7913
2435,8274,8147
2436,8220,8267
2437,8291,8099
2438,8248,8175
2439,8215,8187
2440,8236,8529
2441,8253,8150
2442,8222,8065
2443,8239,8140
2444,8239,8147
2445,8224,8294
2446,8256,8355
2447,8262,8151
2448,8249,8343
2449,8234,8090
2450,8211,7996
2451,8243,8156
2452,8290,8168
2453,8266,8212
2454,8228,8167
2455,8218,8091
2456,8222,8105
2457,8194,8497
2458,8223,8123
2459,8249,8282
2460,8249,8174
2461,8217,8057
2462,8251,8274
2463,8235,8059
2464,8299,8153
2465,8270,8359
2466,8181,8235
2467,8285,7965
2468,8279,8247
2469,8218,8189
2470,8246,8159
2471,8238,8145
2472,8248,8094
2473,8191,8529
2474,8265,8239
2475,8266,8396
2476,8193,8278
2477,8239,8317
2478,8274,8177
2479,8284,8154
2480,8120,8216
2481,8278,8323
2482,8274,8014
2483,8265,8122
2484,8247,8550
2485,8317,8084
2486,8296,8045
2487,8222,7971
2488,8283,8264
2489,8290,7932
2490,8261,8223
2491,8293,8221
2492,8284,8069
2493,8283,8245
2494,8296,8183
2495,8241,7824
2496,8264,8340
2497,8270,8322
2498,8257,8060
2499,8296,7933
2500,8260,7876
2501,8260,7820
2502,8303,8124
2503,8222,8384
2504,8276,8346
2505,8285,8258
2506,8211,8454
2507,8238,8096
2508,8250,8278
2509,8244,8331
2510,8292,8252
2511,8284,8157
2512,8199,7890
2513,8227,8263
2514,8221,8117
2515,8250,8134
2516,8230,8042
2517,8233,7995
2518,8258,8224
2519,8181,8270
2520,8244,8416
2521,8224,7977
2522,8281,8207
2523,8228,8227
2524,8233,8394
2525,8172,8400
2526,8208,8181
2527,8214,8270
2528,8235,8388
2529,8285,7977
2530,8269,8403
2531,8270,8048
2532,8231,8077
2533,8203,8493
2534,8267,8399
2535,8232,8237
2536,8241,8085
2537,8182,8459
2538,8222,7720
2539,8288,8279
2540,8227,8333
2541,8274,8246
2542,8229,7997
2543,8205,7918
2544,8233,7868
2545,8258,8171
2546,8253,8156
2547,8277,8257
2548,8231,8229
2549,8261,8232
2550,8270,8417
2551,8281,8132
2552,8275,8066
2553,8218,7813
2554,8308,8089
2555,8264,8392
2556,8297,8256
2557,8280,8094
2558,8230,8183
2559,8222,8123
2560,8284,8105
2561,8246,8070
2562,8265,8346
2563,8280,8110
2564,8286,8156
2565,8283,8395
2566,8250,8291
2567,8246,8270
2568,8276,7968
2569,8200,8069
2570,8210,8186
2571,8222,8037
2572,8232,8102
2573,8273,7811
2574,8267,8118
2575,8283,7773
2576,8287,8096
2577,8287,8128
2578,8290,7898
2579,8258,8262
2580,8288,8002
2581,8192,7817
2582,8260,8314
2583,8266,7927
2584,8246,8294
2585,8311,8001
2586,8263,7818
2587,8228,8162
2588,8265,8219
2589,8236,8267
2590,8205,8218
2591,8268,8154
2592,8324,8068
2593,8286,8209
2594,8201,7739
2595,8234,8251
2596,8165,8284
2597,8206,8346
2598,8270,8244
2599,8258,8058
2600,8284,8366
2601,8263,8210
2602,8221,8189
2603,8276,8199
2604,8238,8102
2605,8261,8315
2606,8264,8263
2607,8247,8053
2608,8270,8041
2609,8296,8128
2610,8292,8057
2611,8256,7961
2612,8278,8129
2613,8235,8034
2614,8163,8280
2615,8230,8334
2616,8261,7942
2617,8265,8204
2618,8191,8076
2619,8238,7882
2620,8284,8295
2621,8273,7957
2622,8208,8115
2623,8235,8152
2624,8174,7714
2625,8258,8232
2626,8191,7984
2627,8173,8213
2628,8186,8357
2629,8221,8276
2630,8281,8111
2631,8262,8110
2632,8239,8260
2633,8199,7945
2634,8211,7908
2635,8286,7881
2636,8271,8064
2637,8284,8408
2638,8228,8051
2639,8267,8373
2640,8283,8135
2641,8246,8163
2642,8255,8154
2643,8225,7842
2644,8229,8385
2645,8277,8351
2646,8235,8230
2647,8209,8392
2648,8276,8273
2649,8321,8173
2650,8254,8344
2651,8252,8323
2652,8257,8251
2653,8216,8105
2654,8285,8167
2655,8287,8037
2656,8271,8252
2657,8286,7866
2658,8234,8412
2659,8280,8310
2660,8268,8080
2661,8294,8110
2662,8237,8524
2663,8255,8279
2664,8299,7870
2665,8278,8335
2666,8272,8414
2667,8269,8234
2668,8319,7969
2669,8231,7844
2670,8200,8448
2671,8216,8041
2672,8270,7952
2673,8284,8006
2674,8222,8513
2675,8179,8255
2676,8201,8063
2677,8231,8148
2678,8118,8460
2679,8212,8394
2680,8226,8407
2681,8240,8290
2682,8233,8279
2683,8269,8309
2684,8285,8439
2685,8201,8277
2686,8289,7877
2687,8237,7901
2688,8272,8370
2689,8251,8296
2690,8277,8357
2691,8314,8321
2692,8222,7929
2693,8271,8196
2694,8269,8249
2695,8198,8100
2696,8267,7951
2697,8243,8218
2698,8194,7874
2699,8234,8412
2700,8230,7943
2701,8279,8257
2702,8234,7803
2703,8252,8115
2704,8227,8428
2705,8207,8263
2706,8254,8319
2707,8252,8215
2708,8216,8193
2709,8214,8355
2710,8234,8161
2711,8269,8394
2712,8282,8213
2713,8189,7970
2714,8237,7802
2715,8273,8075
2716,8300,8276
2717,8201,8375
2718,8240,7993
2719,8274,7970
2720,8186,8055
2721,8224,8026
2722,8207,8564
2723,8243,8100
2724,8258,8313
2725,8238,7913
2726,8320,8105
2727,8284,8473
2728,8284,7913
2729,8253,8349
2730,8282,8040
2731,8221,7870
2732,8275,8295
2733,8164,8422
2734,8180,8171
2735,8231,8319
2736,8217,8266
2737,8281,8386
2738,8304,8121
2739,8223,7867
2740,8275,8406
2741,8184,8441
2742,8248,8209
2743,8216,8343
2744,8203,8098
2745,8219,8307
2746,8230,8120
2747,8249,8160
2748,8286,8006
2749,8237,8002
2750,8317,8150
2751,8243,7889
2752,8241,8265
2753,8226,8115
2754,8277,8054
2755,8286,7715
2756,8221,7822
2757,8271,8296
2758,8097,8316
2759,8310,7998
2760,8285,8293
2761,8282,8034
2762,8222,7891
2763,8278,8189
2764,8275,7964
2765,8258,8430
2766,8257,8006
2767,8208,8182
2768,8193,8421
2769,8243,8208
2770,8243,8196
2771,8277,8083
2772,8226,8207
2773,8272,8239
2774,8196,8473
2775,8230,8200
2776,8255,8278
2777,8235,8303
2778,8280,8253
2779,8218,8497
2780,8264,8258
2781,8228,8394
2782,8258,8217
2783,8218,8525
2784,8254,8111
2785,8237,8295
2786,8270,8408
2787,8275,8092
2788,8189,8421
2789,8279,7877
2790,8246,7952
2791,8276,8219
2792,8263,7929
2793,8206,8097
2794,8249,8227
2795,8272,8134
2796,8232,8151
2797,8264,8416
2798,8270,7999
2799,8277,8086
2800,8274,8325
2801,8232,8131
2802,8277,8184
2803,8179,8457
2804,8228,8316
2805,8292,8083
2806,8202,8272
2807,8293,8119
2808,8270,8316
2809,8273,8203
2810,8329,8184
2811,8180,8325
2812,8230,8037
2813,8232,8238
2814,8215,8177
2815,8233,8109
2816,8236,8105
2817,8240,8063
2818,8210,8377
2819,8257,8385
2820,8217,7761
2821,8278,8137
2822,8244,8319
2823,8265,8370
2824,8273,8207
2825,8301,8130
2826,8308,8274
2827,8235,8047
2828,8243,8194
2829,8270,7932
2830,8272,7819
2831,8277,8260
2832,8281,8258
2833,8280,8275
2834,8270,8217
2835,8233,8090
2836,8219,8384
2837,8240,8147
2838,8244,8214
2839,8282,7980
2840,8233,8160
2841,8250,8362
2842,8212,8353
2843,8282,8027
2844,8246,8238
2845,8274,8369
2846,8229,8118
2847,8187,8334
2848,8216,8375
2849,8237,8175
2850,8231,8012
2851,8216,7809
2852,8260,8338
2853,8260,8055
2854,8250,8129
2855,8249,8339
2856,8268,8153
2857,8247,8205
2858,8216,8529
2859,8241,8199
2860,8261,8249
2861,8193,8279
2862,8239,8397
2863,8228,8114
2864,8260,7826
2865,8234,8395
2866,8226,8223
2867,8209,8332
2868,8306,8168
2869,8251,8310
2870,8254,8189
2871,8268,8532
2872,8265,8313
2873,8252,8240
2874,8243,8222
2875,8244,7900
2876,8263,8120
2877,8282,8444
2878,8215,8249
2879,8214,8346
2880,8262,7925
2881,8272,8018
2882,8277,8309
2883,8263,8296
2884,8269,8253
2885,8226,8263
2886,8240,8426
2887,8250,8193
2888,8221,8424
2889,8257,8242
2890,8229,7996
2891,8296,7979
2892,8178,8340
2893,8264,8218
2894,8278,8098
2895,8222,7798
2896,8216,7895
2897,8219,8442
2898,8235,7780
2899,8251,8042
2900,8269,8025
2901,8212,8052
2902,8203,8187
2903,8281,8224
2904,8206,7826
2905,8272,7902
2906,8278,8323
2907,8259,8119
2908,8228,8261
2909,8242,8135
2910,8182,8149
2911,8276,8314
2912,8237,8241
2913,8261,8171
2914,8214,8237
2915,8284,8126
2916,8282,8242
2917,8236,8556
2918,8268,8388
2919,8211,8111
2920,8265,8279
2921,8232,7969
2922,8288,7872
2923,8212,8367
2924,8239,8190
2925,8234,8175
2926,8248,8213
2927,8283,8395
2928,8300,8147
2929,8253,8393
2930,8237,8121
2931,8282,8364
2932,8251,8153
2933,8294,7882
2934,8256,8169
2935,8285,8196
2936,8274,8320
2937,8225,8052
2938,8232,8263
2939,8300,8192
2940,8186,8220
2941,8233,7967
2942,8286,8285
2943,8259,7983
2944,8248,8259
2945,8263,8089
2946,8222,8324
2947,8280,8058
2948,8320,7960
2949,8247,8075
2950,8210,8390
2951,8279,8245
2952,8225,8230
2953,8215,8265
2954,8208,8529
2955,8251,8300
2956,8226,8010
2957,8235,8104
2958,8258,7980
2959,8240,8429
2960,8265,8259
2961,8238,8246
2962,8307,8123
2963,8237,7988
2964,8240,8370
2965,8242,8388
2966,8240,7949
2967,8249,7939
2968,8232,7891
2969,8173,8296
2970,8210,7976
2971,8267,8098
2972,8241,8092
2973,8292,7810
2974,8306,8268
2975,8273,8438
2976,8219,8306
2977,8263,8359
2978,8282,8407
2979,8232,7966
2980,8265,8150
2981,8262,8351
2982,8282,7815
2983,8288,8420
2984,8269,8184
2985,8191,8398
2986,8260,8099
2987,8229,7845
2988,8275,8121
2989,8293,8198
2990,8266,8301
2991,8244,8062
2992,8247,8099
2993,8261,8264
2994,8265,8242
2995,8290,8162
2996,8258,8185
2997,8238,8203
2998,8231,8341
2999,8224,8104
3000,8223,8538
3001,8279,8560
3002,8256,8297
3003,8238,7909
3004,8270,8201
3005,8210,8134
3006,8278,8073
3007,8196,8399
3008,8257,7813
3009,8278,8154
3010,8272,7943
3011,8269,8393
3012,8242,8161
3013,8230,8294
3014,8280,8241
3015,8225,8108
3016,8270,8177
3017,8311,8106
3018,8224,8155
3019,8269,8152
3020,8234,8060
3021,8218,8254
3022,8265,8221
3023,8259,8132
3024,8216,8412
3025,8286,8262
3026,8246,8032
3027,8210,8277
3028,8281,8310
3029,8262,8521
3030,8251,8189
3031,8260,8187
3032,8294,8163
3033,8281,8204
3034,8276,8299
3035,8298,8262
3036,8256,8181
3037,8243,7913
3038,8207,8229
3039,8192,8488
3040,8288,7930
3041,8255,8362
3042,8287,8338
3043,8213,8430
3044,8124,8199
3045,8268,8120
3046,8286,8295
3047,8272,8373
3048,8263,8178
3049,8263,8431
3050,8280,8256
3051,8241,8245
3052,8276,8211
3053,8212,8162
3054,8198,8444
3055,8262,7917
3056,8279,8438
3057,8286,7843
3058,8238,8163
3059,8189,8572
3060,8264,7926
3061,8227,8067
3062,8167,8447
3063,8212,7904
3064,8287,8323
3065,8224,8295
3066,8171,8026
3067,8218,7743
3068,8281,8245
3069,8210,7917
3070,8228,8160
3071,8264,8080
3072,8273,7724
3073,8291,8101
3074,8276,7787
3075,8204,8152
3076,8244,8535
3077,8242,8187
3078,8235,7846
3079,8282,8317
3080,8226,8274
3081,8223,8312
3082,8312,8146
3083,8233,8289
3084,8236,8335
3085,8223,8488
3086,8281,8106
3087,8271,8116
3088,8226,8626
3089,8281,8418
3090,8272,8144
3091,8328,8241
3092,8245,8183
3093,8259,8170
3094,8318,8071
3095,8224,8180
3096,8270,7809
3097,8280,8524
3098,8233,8257
3099,8235,8267
3100,8290,8260
3101,8265,7988
3102,8296,8156
3103,8254,8071
3104,8198,8481
3105,8281,8422
3106,8219,8274
3107,8278,8241
3108,8271,8480
3109,8249,8154
3110,8280,8182
3111,8251,8130
3112,8241,8252
3113,8308,8119
3114,8272,8114
3115,8177,8516
3116,8232,8127
3117,8274,7904
3118,8268,7913
3119,8221,8268
3120,8242,8290
3121,8281,8278
3122,8315,8331
3123,8287,8386
3124,8246,8036
3125,8188,8304
3126,8294,8125
3127,8248,8204
3128,8225,8183
3129,8249,8061
3130,8272,8108
3131,8241,7991
3132,8278,7870
3133,8274,8048
3134,8234,8143
3135,8230,7969
3136,8196,8270
3137,8225,8320
3138,8174,8416
3139,8264,8358
3140,8230,7841
3141,8267,8209
3142,8258,8225
3143,8271,8199
3144,8319,8055
3145,8287,7955
3146,8237,8029
3147,8280,8101
3148,8248,8201
3149,8216,8464
3150,8201,8333
3151,8282,8280
3152,8296,7833
3153,8251,8165
3154,8324,8279
3155,8271,8259
3156,8270,8354
3157,8253,8401
3158,8285,8117
3159,8273,8071
3160,8282,8256
3161,8268,8278
3162,8284,8027
3163,8257,8303
3164,8241,8245
3165,8286,8262
3166,8278,8183
3167,8246,8120
3168,8230,8082
3169,8197,8102
3170,8258,8412
3171,8304,7847
3172,8264,8161
3173,8237,8277
3174,8288,8313
3175,8229,8240
3176,8230,8103
3177,8270,8359
3178,8264,7832
3179,8260,7773
3180,8284,8162
3181,8292,8056
3182,8295,8235
3183,8235,8221
3184,8282,8134
3185,8217,7837
3186,8214,8055
3187,8283,8337
3188,8170,7866
3189,8255,8163
3190,8279,8082
3191,8250,8202
3192,8285,8375
3193,8231,8275
3194,8247,7849
3195,8232,8165
3196,8245,8366
3197,8219,8489
3198,8276,8063
3199,8192,8211
3200,8266,8333
3201,8243,8131
3202,8298,8120
3203,8284,8253
3204,8247,8160
3205,8232,8013
3206,8257,8053
3207,8230,7951
3208,8283,8066
3209,8225,8187
3210,8247,8283
3211,8230,8152
3212,8284,8218
3213,8273,8255
3214,8287,8129
3215,8251,8076
3216,8269,8395
3217,8250,8399
3218,8263,8346
3219,8220,8583
3220,8246,8167
3221,8287,7984
3222,8225,8132
3223,8242,8213
3224,8242,8176
3225,8228,8061
3226,8266,8576
3227,8225,7967
3228,8244,8058
3229,8225,8156
3230,8202,8294
3231,8214,8205
3232,8216,8411
3233,8249,8263
3234,8284,8096
3235,8228,8319
3236,8242,8284
3237,8252,8265
3238,8227,8384
3239,8247,8229
3240,8244,8397
3241,8228,8278
3242,8286,8191
3243,8226,8222
3244,8274,8535
3245,8208,8336
3246,8280,8407
3247,8280,8118
3248,8249,8094
3249,8302,8343
3250,8222,8154
3251,8238,7891
3252,8213,8240
3253,8278,7931
3254,8222,8097
3255,8273,7963
3256,8216,8270
3257,8222,7911
3258,8254,8159
3259,8240,8086
3260,8310,8269
3261,8281,8232
3262,8226,8153
3263,8226,8125
3264,8228,8310
3265,8223,8135
3266,8187,8110
3267,8291,8319
3268,8237,8252
3269,8234,8236
3270,8286,8061
3271,8273,8088
3272,8235,8158
3273,8196,8337
3274,8215,8393
3275,8270,8230
3276,8257,8290
3277,8291,8085
3278,8228,8169
3279,8258,8325
3280,8289,7994
3281,8250,8082
3282,8203,8544
3283,8240,8141
3284,8263,8229
3285,8287,7967
3286,8224,8350
3287,8210,8328
3288,8225,8075
3289,8315,8151
3290,8307,8087
3291,8278,8344
3292,8269,8447
3293,8232,8171
3294,8291,8037
3295,8243,8304
3296,8248,8012
3297,8280,7878
3298,8227,7904
3299,8244,8356
3300,8191,8409
3301,8232,8193
3302,8231,7985
3303,8209,8373
3304,8277,8227
3305,8274,8195
3306,8230,8307
3307,8279,7792
3308,8269,8297
3309,8273,8254
3310,8306,8191
3311,8270,8392
3312,8300,8182
3313,8231,8188
3314,8246,7911
3315,8246,8332
3316,8254,8156
3317,8226,8089
3318,8257,7947
3319,8204,8196
3320,8264,8066
3321,8272,8378
3322,8205,8321
3323,8194,8048
3324,8296,7832
3325,8283,8105
3326,8277,8378
3327,8274,8211
3328,8289,8242
3329,8242,8118
3330,8224,8234
3331,8258,8312
3332,8224,8017
3333,8291,8247
3334,8281,8072
3335,8282,8297
3336,8113,8399
3337,8273,8373
3338,8263,8395
3339,8247,8027
3340,8177,8243
3341,8225,8099
3342,8227,8098
3343,8205,7915
3344,8195,8050
3345,8286,8389
3346,8206,8210
3347,8187,8115
3348,8245,8285
3349,8246,8301
3350,8255,8105
3351,8278,8088
3352,8227,8284
3353,8256,8449
3354,8278,8023
3355,8249,8061
3356,8281,8076
3357,8233,8326
3358,8228,7991
3359,8281,8350
3360,8215,8124
3361,8273,8070
3362,8225,8246
3363,8274,8425
3364,8292,8191
3365,8284,8094
3366,8271,8033
3367,8192,8305
3368,8277,7978
3369,8233,8288
3370,8319,8114
3371,8230,7858
3372,8233,7798
3373,8275,8274
3374,8229,8045
3375,8218,8202
3376,8299,8305
3377,8311,8248
3378,8185,8058
3379,8222,8084
3380,8218,8170
3381,8233,8285
3382,8281,8268
3383,8238,8199
3384,8179,8539
3385,8281,8185
3386,8268,8285
3387,8235,7977
3388,8215,8380
3389,8231,8219
3390,8280,8436
3391,8226,7976
3392,8243,8088
3393,8249,8385
3394,8276,7777
3395,8232,7978
3396,8304,8087
3397,8248,8244
3398,8176,8143
3399,8241,8260
3400,8216,7821
3401,8209,8183
3402,8284,7823
3403,8278,8141
3404,8265,8313
3405,8208,8386
3406,8285,8473
3407,8283,8069
3408,8215,8562
3409,8213,8472
3410,8269,8537
3411,8246,8084
3412,8293,7968
3413,8230,8230
3414,8278,8429
3415,8254,8127
3416,8246,7992
3417,8252,8221
3418,8242,8348
3419,8190,8042
3420,8194,8553
3421,8264,7945
3422,8287,8077
3423,8276,8245
3424,8216,8272
3425,8229,8277
3426,8297,8054
3427,8172,8263
3428,8270,8233
3429,8285,8078
3430,8278,8237
3431,8287,8164
3432,8226,8190
3433,8258,8198
3434,8280,7981
3435,8233,8281
3436,8277,7962
3437,8246,8303
3438,8239,8113
3439,8264,8239
3440,8246,8146
3441,8275,8403
3442,8295,8033
3443,8218,8218
3444,8296,8103
3445,8283,8202
3446,8280,7731
3447,8273,8470
3448,8230,8413
3449,8182,8026
3450,8232,8212
3451,8258,8432
3452,8270,7797
3453,8260,7823
3454,8249,8161
3455,8265,8246
3456,8239,8158
3457,8256,8407
3458,8299,7944
3459,8285,8279
3460,8226,8405
3461,8287,8113
3462,8231,8276
3463,8275,8171
3464,8281,8291
3465,8226,8123
3466,8210,8501
3467,8245,8235
3468,8230,8100
3469,8235,8155
3470,8266,8213
3471,8240,7978
3472,8283,8308
3473,8236,8170
3474,8244,8080
3475,8231,8250
3476,8271,8441
3477,8253,8062
3478,8240,8101
3479,8203,8003
3480,8229,8241
3481,8285,8288
3482,8280,8402
3483,8266,8277
3484,8209,8077
3485,8200,8242
3486,8168,8519
3487,8232,8407
3488,8271,8336
3489,8277,8219
3490,8262,8326
3491,8314,8076
3492,8210,8275
3493,8271,8016
3494,8273,7918
3495,8300,8305
3496,8240,8114
3497,8244,8327
3498,8316,8301
3499,8301,8192
3500,8277,8144
3501,8257,8483
3502,8247,8143
3503,8270,8296
3504,8254,8297
3505,8228,8048
3506,8222,8325
3507,8245,8146
3508,8274,7969
3509,8222,7769
3510,8230,8177
3511,8194,8177
3512,8229,8246
3513,8208,8218
3514,8225,8264
3515,8213,8455
3516,8285,8374
3517,8236,8066
3518,8174,7811
3519,8264,8252
3520,8243,8108
3521,8198,7817
3522,8246,8074
3523,8275,8328
3524,8211,8346
3525,8199,8388
3526,8228,7985
3527,8247,8107
3528,8271,8115
3529,8278,8130
3530,8211,7848
3531,8214,8286
3532,8265,8215
3533,8282,8137
3534,8285,8261
3535,8260,8396
3536,8273,8156
3537,8266,8254
3538,8200,8377
3539,8256,8263
3540,8209,7908
3541,8214,7976
3542,8225,7847
3543,8257,8260
3544,8258,7775
3545,8216,7852
3546,8303,8036
3547,8265,8147
3548,8261,8310
3549,8248,8175
3550,8268,8274
3551,8233,8283
3552,8182,8413
3553,8286,8277
3554,8267,8487
3555,8273,8384
3556,8249,7989
3557,8219,8265
3558,8186,7972
3559,8290,8267
3560,8252,8129
3561,8294,8184
3562,8271,8464
3563,8236,8291
3564,8248,8117
3565,8253,8202
3566,8220,8232
3567,8276,8325
3568,8212,8319
3569,8214,8056
3570,8240,8269
3571,8194,8185
3572,8280,8341
3573,8279,8168
3574,8206,8274
3575,8283,8259
3576,8175,8238
3577,8215,7840
3578,8198,7990
3579,8286,8322
3580,8229,8132
3581,8288,8116
3582,8182,8421
3583,8221,8599
3584,8261,8386
3585,8214,8141
3586,8306,8250
3587,8307,8038
3588,8244,8437
3589,8287,8257
3590,8283,8257
3591,8231,8281
3592,8243,8334
3593,8268,8005
3594,8227,8247
3595,8200,8052
3596,8268,7932
3597,8241,8241
3598,8246,8558
3599,8270,8371
3600,8272,8256
3601,8173,8141
3602,8316,8086
3603,8230,8286
3604,8246,8053
3605,8278,8238
3606,8253,8268
3607,8305,8111
3608,8286,7941
3609,8260,8240
3610,8198,8513
3611,8243,8204
3612,8243,8394
3613,8241,8228
3614,8282,8167
3615,8229,8401
3616,8252,8138
3617,8250,8095
3618,8217,8102
3619,8273,8116
3620,8215,8326
3621,8213,7967
3622,8238,8128
3623,8257,8400
3624,8228,8398
3625,8207,8377
3626,8232,8202
3627,8220,8062
3628,8196,8485
3629,8197,8248
3630,8241,8178
3631,8278,8162
3632,8296,8165
3633,8236,8189
3634,8246,7985
3635,8243,8204
3636,8229,7793
3637,8259,8098
3638,8282,8204
3639,8234,8115
3640,8206,8509
3641,8261,8342
3642,8227,8125
3643,8190,8228
3644,8287,8073
3645,8256,8138
3646,8245,8289
3647,8202,8282
3648,8201,8545
3649,8236,8324
3650,8287,8427
3651,8257,8297
3652,8277,8427
3653,8240,8131
3654,8232,8134
3655,8296,8222
3656,8264,8226
3657,8279,8209
3658,8226,8251
3659,8270,8125
3660,8283,8112
3661,8183,7863
3662,8270,8270
3663,8291,8160
3664,8224,8073
3665,8231,7961
3666,8258,7843
3667,8244,8397
3668,8191,8115
3669,8249,8220
3670,8274,8166
3671,8269,7980
3672,8267,8269
3673,8184,8289
3674,8286,8071
3675,8232,8290
3676,8275,8303
3677,8218,8397
3678,8264,8237
3679,8207,8221
3680,8268,8466
3681,8234,8283
3682,8247,8285
3683,8297,8175
3684,8280,8209
3685,8200,8368
3686,8228,8363
3687,8234,8236
3688,8287,8406
3689,8287,8146
3690,8252,8262
3691,8246,8254
3692,8259,8201
3693,8238,8167
3694,8277,8162
3695,8234,8311
3696,8264,8225
3697,8325,7975
3698,8254,7972
3699,8245,8235
3700,8271,8204
3701,8230,8125
3702,8243,8268
3703,8250,8218
3704,8243,8002
3705,8188,8193
3706,8227,8082
3707,8207,8126
3708,8233,8418
3709,8280,7974
3710,8192,8464
3711,8278,8404
3712,8273,8296
3713,8242,8133
3714,8242,8268
3715,8208,7797
3716,8237,8024
3717,8274,7785
3718,8284,8203
3719,8288,8302
3720,8256,8382
3721,8291,8296
3722,8259,8042
3723,8251,8043
3724,8319,8173
3725,8286,8338
3726,8284,7976
3727,8251,8140
3728,8259,8365
3729,8273,8360
3730,8211,8471
3731,8122,8470
3732,8236,8076
3733,8280,8458
3734,8272,8257
3735,8279,8415
3736,8213,8572
3737,8283,8651
3738,8162,8412
3739,8293,8001
3740,8223,8210
3741,8266,8224
3742,8283,8082
3743,8238,8013
3744,8284,8170
3745,8281,7930
3746,8254,8119
3747,8219,7751
3748,8231,8246
3749,8235,8128
3750,8248,8333
3751,8236,8359
3752,8276,8316
3753,8288,8239
3754,8277,8201
3755,8275,8295
3756,8261,7970
3757,8244,8051
3758,8213,8232
3759,8281,8073
3760,8265,8168
3761,8267,8233
3762,8263,7980
3763,8232,8089
3764,8224,8097
3765,8276,8072
3766,8276,8279
3767,8279,7874
3768,8264,8200
3769,8215,7969
3770,8267,8172
3771,8286,7722
3772,8217,8250
3773,8238,8078
3774,8260,8182
3775,8273,8460
3776,8267,8077
3777,8261,8320
3778,8287,8204
3779,8296,8165
3780,8230,8222
3781,8232,8415
3782,8283,8370
3783,8312,8283
3784,8229,8317
3785,8271,8426
3786,8205,8359
3787,8229,8356
3788,8301,8184
3789,8267,8339
3790,8230,8134
3791,8206,8269
3792,8279,8404
3793,8194,8037
3794,8317,8193
3795,8286,7981
3796,8259,7783
3797,8236,8298
3798,8196,8081
3799,8244,8064
3800,8202,8162
3801,8268,8260
3802,8179,8496
3803,8227,8069
3804,8285,8264
3805,8229,8141
3806,8312,8167
3807,8277,8338
3808,8277,7993
3809,8207,8174
3810,8270,8404
3811,8271,7870
3812,8228,7874
3813,8277,8256
3814,8244,8315
3815,8220,8327
3816,8281,8305
3817,8255,7969
3818,8287,8190
3819,8270,8416
3820,8256,8567
3821,8278,7913
3822,8276,8146
3823,8260,7958
3824,8260,7851
3825,8187,8370
3826,8281,8041
3827,8227,8193
3828,8287,8314
3829,8258,8388
3830,8287,7994
3831,8271,8225
3832,8227,8449
3833,8273,8212
3834,8304,7856
3835,8229,7998
3836,8227,8293
3837,8274,8241
3838,8257,8166
3839,8277,8144
3840,8312,8074
3841,8271,8280
3842,8204,8135
3843,8241,8009
3844,8292,8068
3845,8266,8488
3846,8230,8057
3847,8281,8400
3848,8291,7993
3849,8301,8200
3850,8276,8233
3851,8194,7738
3852,8230,8279
3853,8247,8138
3854,8270,7841
3855,8302,8070
3856,8271,8105
3857,8273,8258
3858,8213,8330
3859,8276,8086
3860,8176,8263
3861,8287,8212
3862,8229,8135
3863,8271,8124
3864,8238,8337
3865,8263,8142
3866,8291,8282
3867,8282,8228
3868,8273,8055
3869,8284,8398
3870,8237,8258
3871,8277,7916
3872,8264,7846
3873,8237,8201
3874,8295,7938
3875,8267,8206
3876,8301,8267
3877,8242,8102
3878,8276,8055
3879,8233,8343
3880,8242,8100
3881,8259,8332
3882,8246,8063
3883,8230,8469
3884,8266,8386
3885,8224,8037
3886,8250,8135
3887,8188,7793
3888,8224,8042
3889,8202,8058
3890,8207,7954
3891,8239,8230
3892,8258,8336
3893,8232,8334
3894,8275,7756
3895,8276,8445
3896,8284,8015
3897,8255,8080
3898,8226,8216
3899,8257,8282
3900,8282,8120
3901,8250,8167
3902,8238,7762
3903,8265,8170
3904,8229,8065
3905,8232,8175
3906,8262,8017
3907,8235,8138
3908,8274,8316
3909,8277,8285
3910,8279,8218
3911,8272,8159
3912,8295,8027
3913,8270,8138
3914,8188,8426
3915,8303,7954
3916,8247,8060
3917,8284,8157
3918,8198,7731
3919,8216,7866
3920,8285,8287
3921,8239,8158
3922,8242,8292
3923,8275,8343
3924,8273,8263
3925,8262,8105
3926,8216,8026
3927,8234,8129
3928,8279,7800
3929,8244,8166
3930,8260,7735
3931,8222,8402
3932,8290,8003
3933,8259,8156
3934,8260,8131
3935,8281,8233
3936,8288,8057
3937,8232,8336
3938,8248,8195
3939,8274,8395
3940,8229,8367
3941,8281,8100
3942,8244,8409
3943,8283,8217
3944,8237,8141
3945,8264,8235
3946,8285,8257
3947,8253,7955
3948,8246,8324
3949,8267,8316
3950,8178,8417
3951,8309,8095
3952,8287,8110
3953,8214,7848
3954,8289,8083
3955,8237,8357
3956,8280,8097
3957,8228,8176
3958,8272,8351
3959,8265,8333
3960,8239,8264
3961,8225,8547
3962,8281,8407
3963,8278,8080
3964,8294,8309
3965,8247,8143
3966,8234,8199
3967,8250,8247
3968,8273,7986
3969,8230,7928
3970,8216,8345
3971,8304,7996
3972,8267,8313
3973,8197,8502
3974,8255,8305
3975,8261,8087
3976,8164,8484
3977,8282,8270
3978,8274,8372
3979,8242,8278
3980,8228,8067
3981,8255,8131
3982,8267,8416
3983,8311,8291
3984,8277,8437
3985,8247,8025
3986,8239,8134
3987,8270,8337
3988,8218,8596
3989,8280,8485
3990,8236,8194
3991,8271,8302
3992,8188,8064
3993,8292,8238
3994,8305,7906
3995,8265,8498
3996,8296,8155
3997,8275,7786
3998,8231,7888
3999,8285,8365
4000,8286,7999
4001,8230,8331
4002,8204,8310
4003,8268,8038
4004,8289,8039
4005,8277,8213
4006,8282,8442
4007,8266,8370
4008,8314,8163
4009,8234,8192
4010,8229,8265
4011,8229,7880
4012,8286,8266
4013,8276,8237
4014,8231,8227
4015,8321,8075
4016,8296,8155
4017,8265,8406
4018,8211,8186
4019,8312,8420
4020,8222,8382
4021,8225,8294
4022,8222,8400
4023,8232,8289
4024,8259,8059
4025,8232,8318
4026,8243,8134
4027,8252,8093
4028,8284,8535
4029,8271,8421
4030,8290,8099
4031,8254,8226
4032,8238,8098
4033,8251,7802
4034,8235,8340
4035,8252,8118
4036,8246,8363
4037,8274,8038
4038,8290,8118
4039,8248,8081
4040,8245,8202
4041,8291,8080
4042,8220,8310
4043,8228,8286
4044,8279,8257
4045,8298,8152
4046,8295,8006
4047,8117,8161
4048,8232,8221
4049,8245,8119
4050,8341,8303
4051,8286,8166
4052,8285,8137
4053,8268,8264
4054,8280,8077
4055,8224,8167
4056,8216,8295
4057,8264,8547
4058,8264,8376
4059,8281,8167
4060,8259,8329
4061,8286,7882
4062,8262,8170
4063,8181,8082
4064,8266,8400
4065,8270,8290
4066,8231,7803
4067,8295,8314
4068,8270,8216
4069,8255,8116
4070,8287,8054
4071,8268,8461
4072,8232,8260
4073,8225,8033
4074,8267,8176
4075,8278,7866
4076,8260,8422
4077,8241,8297
4078,8210,8314
4079,8290,8212
4080,8230,8181
4081,8215,8353
4082,8244,8143
4083,8294,8310
4084,8279,8508
4085,8224,8210
4086,8226,8108
4087,8253,8160
4088,8299,8163
4089,8188,8362
4090,8259,8455
4091,8234,8058
4092,8253,8104
4093,8197,8237
4094,8266,8219
4095,8270,8185
4096,8279,8273
4097,8187,8082
4098,8276,7949
4099,8234,7918
4100,8217,8047
4101,8212,8398
4102,8273,8394
4103,8199,8401
4104,8197,8204
4105,8313,8106
4106,8245,8146
4107,8255,8054
4108,8272,7827
4109,8232,8397
4110,8206,8325
4111,8306,8343
4112,8282,7937
4113,8269,7995
4114,8229,7913
4115,8260,8287
4116,8261,8325
4117,8233,8323
4118,8277,8394
4119,8270,8049
4120,8282,8234
4121,8240,8150
4122,8225,7958
4123,8300,8090
4124,8243,7946
4125,8320,8130
4126,8265,8144
4127,8231,8170
4128,8291,8039
4129,8253,8118
4130,8280,8352
4131,8224,8243
4132,8201,7967
4133,8232,8107
4134,8217,8171
4135,8200,7737
4136,8221,8482
4137,8170,8187
4138,8311,8122
4139,8187,8469
4140,8207,8313
4141,8294,8074
4142,8242,7853
4143,8237,8384
4144,8285,8407
4145,8247,8047
4146,8238,8074
4147,8269,8358
4148,8310,8151
4149,8232,8192
4150,8272,8304
4151,8263,7847
4152,8240,7939
4153,8226,8569
4154,8224,8188
4155,8253,8110
4156,8217,8045
4157,8264,8306
4158,8237,7982
4159,8245,8537
4160,8297,8053
4161,8229,8189
4162,8238,7739
4163,8255,8278
4164,8283,7954
4165,8212,8106
4166,8209,8245
4167,8183,8277
4168,8233,8030
4169,8275,8121
4170,8204,8197
4171,8268,8076
4172,8204,8051
4173,8233,7982
4174,8268,8387
4175,8270,8237
4176,8245,8411
4177,8204,8111
4178,8213,8125
4179,8306,8172
4180,8236,8270
4181,8257,8092
4182,8202,8208
4183,8287,8233
4184,8262,8295
4185,8228,8192
4186,8216,8287
4187,8271,8170
4188,8268,7796
4189,8317,8108
4190,8215,8247
4191,8252,7882
4192,8227,8017
4193,8235,7989
4194,8285,8347
4195,8271,8413
4196,8226,8285
4197,8273,8076
4198,8228,8038
4199,8218,7873
4200,8238,8050
4201,8111,8052
4202,8255,7906
4203,8239,8314
4204,8257,8122
4205,8231,8420
4206,8225,8315
4207,8302,8054
4208,8258,7793
4209,8246,7961
4210,8221,8319
4211,8226,8291
4212,8226,7994
4213,8284,8188
4214,8233,8017
4215,8258,8319
4216,8260,8023
4217,8275,8280
4218,8252,8263
4219,8242,8050
4220,8226,8198
4221,8244,8173
4222,8108,8426
4223,8250,8006
4224,8209,8249
4225,8225,7902
4226,8227,8286
4227,8256,8086
4228,8233,8205
4229,8234,7869
4230,8282,8246
4231,8120,8557
4232,8239,8021
4233,8204,8525
4234,8247,8252
4235,8259,8187
4236,8243,8226
4237,8229,8306
4238,8284,8107
4239,8241,8304
4240,8284,7897
4241,8226,7964
4242,8298,8295
4243,8276,7893
4244,8162,8647
4245,8236,8113
4246,8263,8214
4247,8219,8130
4248,8251,7982
4249,8263,8417
4250,8220,8257
4251,8235,8184
4252,8242,8263
4253,8199,8437
4254,8232,8187
4255,8242,8313
4256,8285,7942
4257,8215,8522
4258,8266,8092
4259,8231,8114
4260,8286,8447
4261,8297,8116
4262,8282,8175
4263,8285,7929
4264,8265,7985
4265,8173,8115
4266,8241,8247
4267,8222,8076
4268,8283,8129
4269,8245,8321
4270,8263,8321
4271,8259,7863
4272,8224,8388
4273,8261,8224
4274,8229,8021
4275,8260,8201
4276,8287,8295
4277,8209,8217
4278,8240,8308
4279,8231,7945
4280,8281,8308
4281,8213,8383
4282,8214,8026
4283,8263,8329
4284,8248,8385
4285,8268,8366
4286,8198,8053
4287,8266,7854
4288,8263,8396
4289,8214,8378
4290,8239,8170
4291,8273,8138
4292,8267,7934
4293,8212,7722
4294,8230,7902
4295,8286,7793
4296,8237,8070
4297,8236,7888
4298,8253,8187
4299,8269,8649
4300,8285,8279
4301,8251,8072
4302,8265,7986
4303,8265,8050
4304,8223,8314
4305,8281,7979
4306,8321,7993
4307,8236,8305
4308,8264,8331
4309,8250,8116
4310,8269,8323
4311,8237,8275
4312,8237,8185
4313,8278,8051
4314,8280,8261
4315,8181,7979
4316,8303,8108
4317,8263,8416
4318,8225,7842
4319,8291,8187
4320,8262,8123
4321,8265,8308
4322,8282,8273
4323,8199,8133
4324,8239,8356
4325,8207,8120
4326,8275,8286
4327,8246,8109
4328,8280,7814
4329,8200,8423
4330,8274,7904
4331,8254,8211
4332,8297,8163
4333,8274,8342
4334,8280,8345
4335,8281,8135
4336,8266,7802
4337,8282,8239
4338,8277,7908
4339,8225,8187
4340,8279,8092
4341,8256,8279
4342,8233,8261
4343,8245,8034
4344,8270,8210
4345,8228,8092
4346,8286,7844
4347,8246,8125
4348,8228,7960
4349,8256,8223
4350,8278,7990
4351,8309,8165
4352,8248,8164
4353,8278,8078
4354,8290,8201
4355,8235,8206
4356,8265,8422
4357,8299,8039
4358,8226,7966
4359,8225,8286
4360,8202,8520
4361,8219,7851
4362,8241,8216
4363,8247,7899
4364,8239,8117
4365,8241,8141
4366,8197,8421
4367,8286,8073
4368,8254,8266
4369,8275,8001
4370,8284,8163
4371,8238,8330
4372,8270,8219
4373,8312,8132
4374,8249,8149
4375,8261,8242
4376,8267,8231
4377,8232,8207
4378,8297,8060
4379,8259,8332
4380,8278,8093
4381,8219,8016
4382,8287,8185
4383,8285,8270
4384,8237,8166
4385,8201,8192
4386,8271,8256
4387,8239,7818
4388,8176,7997
4389,8274,7736
4390,8262,8250
4391,8215,8439
4392,8283,8118
4393,8236,8189
4394,8283,7793
4395,8286,8097
4396,8262,8186
4397,8283,8266
4398,8271,8412
4399,8276,8119
4400,8238,8087
4401,8230,8350
4402,8222,8201
4403,8101,7928
4404,8255,8158
4405,8269,8126
4406,8287,8210
4407,8234,8185
4408,8241,8161
4409,8232,8143
4410,8120,8277
4411,8192,8448
4412,8213,8382
4413,8232,8339
4414,8223,8357
4415,8275,8314
4416,8248,8114
4417,8243,7994
4418,8245,8093
4419,8191,8546
4420,8250,8160
4421,8269,7880
4422,8251,8295
4423,8284,8405
4424,8236,8158
4425,8232,8097
4426,8266,8469
4427,8275,8400
4428,8214,8317
4429,8299,8421
4430,8233,8288
4431,8285,8440
4432,8269,8147
4433,8125,8101
4434,8241,8339
4435,8191,8418
4436,8274,8220
4437,8270,8076
4438,8283,8096
4439,8270,8407
4440,8298,8150
4441,8253,7986
4442,8113,8263
4443,8270,8280
4444,8273,8097
4445,8270,8263
4446,8285,8032
4447,8275,8256
4448,8250,8090
4449,8270,8463
4450,8202,8207
4451,8203,8516
4452,8230,7932
4453,8232,8309
4454,8281,8270
4455,8243,8036
4456,8213,8316
4457,8259,8285
4458,8277,8172
4459,8230,8237
4460,8242,8061
4461,8182,8656
4462,8288,8306
4463,8207,8098
4464,8317,8164
4465,8275,7993
4466,8231,8106
4467,8283,8344
4468,8168,8047
4469,8284,8250
4470,8273,8047
4471,8239,8137
4472,8222,7942
4473,8323,8184
4474,8281,8014
4475,8278,8070
4476,8206,7949
4477,8179,8217
4478,8222,7985
4479,8292,7894
4480,8220,8368
4481,8282,8343
4482,8225,8398
4483,8231,7909
4484,8227,8244
4485,8245,8186
4486,8296,8093
4487,8277,8237
4488,8296,8130
4489,8273,8348
4490,8265,8386
4491,8262,8408
4492,8252,8104
4493,8203,8399
4494,8307,8282
4495,8290,8085
4496,8281,7958
4497,8289,8282
4498,8271,8255
4499,8258,8384
4500,8156,8317
4501,8299,8130
4502,8296,7941
4503,8270,8285
4504,8236,8327
4505,8194,8193
4506,8270,8155
4507,8284,8143
4508,8247,8182
4509,8210,8244
4510,8230,8167
4511,8282,8039
4512,8277,8126
4513,8200,8139
4514,8275,8169
4515,8212,7932
4516,8262,8310
4517,8278,8227
4518,8320,8200
4519,8285,8032
4520,8279,8237
4521,8205,8100
4522,8220,8365
4523,8203,8107
4524,8281,8547
4525,8247,8228
4526,8168,8329
4527,8260,8197
4528,8283,8035
4529,8204,8469
4530,8265,8300
4531,8237,8137
4532,8224,7971
4533,8273,8236
4534,8237,8146
4535,8234,8431
4536,8233,8134
4537,8275,8243
4538,8227,8322
4539,8303,8295
4540,8288,8164
4541,8288,8309
4542,8289,8051
4543,8247,7932
4544,8261,8400
4545,8249,8305
4546,8240,8094
4547,8246,8233
4548,8283,8335
4549,8220,8061
4550,8179,8355
4551,8211,8156
4552,8275,8294
4553,8197,8569
4554,8262,7770
4555,8279,7757
4556,8245,8266
4557,8215,8256
4558,8291,8150
4559,8261,8183
4560,8229,8066
4561,8232,7974
4562,8268,8292
4563,8202,7951
4564,8280,8514
4565,8289,8173
4566,8262,8416
4567,8228,8378
4568,8304,8167
4569,8253,8206
4570,8214,8482
4571,8258,7890
4572,8299,8027
4573,8227,8346
4574,8253,8135
4575,8206,8225
4576,8248,8342
4577,8275,8167
4578,8234,8291
4579,8287,8057
4580,8253,8318
4581,8238,8123
4582,8269,8117
4583,8236,8392
4584,8233,7924
4585,8255,8114
4586,8242,8119
4587,8226,8257
4588,8200,8514
4589,8278,8185
4590,8252,8010
4591,8194,8263
4592,8256,8108
4593,8243,8247
4594,8230,7978
4595,8210,8341
4596,8246,7818
4597,8292,8172
4598,8266,7798
4599,8280,8431
4600,8284,8388
4601,8226,8290
4602,8182,8400
4603,8226,7813
4604,8235,8146
4605,8266,8298
4606,8228,8265
4607,8260,8165
4608,8227,8267
4609,8277,8281
4610,8245,8183
4611,8281,8131
4612,8268,8037
4613,8197,8450
4614,8226,8386
4615,8283,8279
4616,8285,8050
4617,8260,8205
4618,8221,8213
4619,8228,8210
4620,8226,8285
4621,8264,8349
4622,8261,8071
4623,8238,8055
4624,8286,8171
4625,8218,7816
4626,8246,8183
4627,8243,8259
4628,8239,8361
4629,8288,7991
4630,8280,8115
4631,8227,8086
4632,8246,8256
4633,8283,8042
4634,8262,8317
4635,8279,7939
4636,8269,8058
4637,8288,8116
4638,8284,8332
4639,8228,8102
4640,8232,8405
4641,8254,8141
4642,8269,8403
4643,8225,8243
4644,8288,8234
4645,8271,8087
4646,8223,8109
4647,8238,7987
4648,8284,8256
4649,8238,7982
4650,8254,8216
4651,8271,8122
4652,8284,8444
4653,8287,8368
4654,8263,8205
4655,8261,8404
4656,8237,8181
4657,8207,8570
4658,8204,7858
4659,8243,8218
4660,8179,8112
4661,8214,8026
4662,8285,8035
4663,8278,8322
4664,8219,8105
4665,8285,8057
4666,8272,8067
4667,8278,8557
4668,8286,8275
4669,8254,7785
4670,8227,8427
4671,8250,8150
4672,8235,8077
4673,8218,7968
4674,8278,8570
4675,8189,8440
4676,8199,8257
4677,8290,8013
4678,8236,7941
4679,8275,8105
4680,8279,8274
4681,8227,8364
4682,8297,8182
4683,8227,7907
4684,8224,8119
4685,8254,8423
4686,8241,7893
4687,8295,8312
4688,8232,8120
4689,8282,8336
4690,8222,8069
4691,8305,8283
4692,8292,8283
4693,8225,7835
4694,8282,8054
4695,8287,8357
4696,8251,8167
4697,8287,8068
4698,8289,7982
4699,8268,8203
4700,8243,8283
4701,8227,8328
4702,8234,8330
4703,8237,8326
4704,8225,8236
4705,8233,8389
4706,8203,8284
4707,8269,8079
4708,8230,8190
4709,8263,8081
4710,8265,8157
4711,8277,8200
4712,8238,8008
4713,8262,8276
4714,8275,8311
4715,8284,8297
4716,8252,8215
4717,8264,8189
4718,8279,8505
4719,8271,8417
4720,8243,8309
4721,8212,8402
4722,8244,8293
4723,8178,8364
4724,8258,8339
4725,8259,7852
4726,8233,8230
4727,8280,8150
4728,8264,7888
4729,8250,8084
4730,8245,7740
4731,8293,8081
4732,8230,8350
4733,8238,8356
4734,8179,8210
4735,8196,8414
4736,8198,8294
4737,8238,8275
4738,8258,8219
4739,8297,8001
4740,8214,8440
4741,8262,8017
4742,8193,8231
4743,8281,8072
4744,8237,8289
4745,8286,8218
4746,8230,8102
4747,8298,8097
4748,8270,8278
4749,8314,7891
4750,8225,8180
4751,8283,8291
4752,8237,8247
4753,8246,7788
4754,8204,8362
4755,8244,8302
4756,8270,8155
4757,8296,7993
4758,8273,8202
4759,8249,8086
4760,8295,8297
4761,8283,8084
4762,8234,8229
4763,8242,8141
4764,8234,7988
4765,8286,8208
4766,8259,8491
4767,8235,8108
4768,8259,8091
4769,8230,8091
4770,8286,8189
4771,8216,8145
4772,8234,8027
4773,8286,8166
4774,8280,7919
4775,8217,8257
4776,8266,7736
4777,8226,8248
4778,8225,8272
4779,8206,8205
4780,8222,8498
4781,8266,8213
4782,8250,8174
4783,8273,8400
4784,8276,8218
4785,8226,8368
4786,8270,8059
4787,8280,7948
4788,8262,7946
4789,8216,8446
4790,8226,8345
4791,8233,7906
4792,8255,7972
4793,8266,8311
4794,8246,8080
4795,8263,8068
4796,8227,8285
4797,8243,8357
4798,8277,7985
4799,8216,8326
4800,8286,8101
4801,8284,8265
4802,8245,8156
4803,8231,8124
4804,8215,8256
4805,8269,8077
4806,8230,8300
4807,8276,7872
4808,8219,7718
4809,8244,7890
4810,8290,8169
4811,8282,8272
4812,8263,8203
4813,8221,8253
4814,8301,8263
4815,8295,8188
4816,8252,7969
4817,8283,7987
4818,8287,7870
4819,8236,8155
4820,8226,8322
4821,8217,8220
4822,8126,8051
4823,8219,8392
4824,8260,8433
4825,8282,8146
4826,8199,8194
4827,8255,7978
4828,8238,8179
4829,8223,8051
4830,8284,8321
4831,8277,8147
4832,8242,7830
4833,8250,8220
4834,8237,8372
4835,8224,8106
4836,8229,7860
4837,8273,7853
4838,8292,8102
4839,8234,8298
4840,8257,8360
4841,8301,7967
4842,8177,8535
4843,8225,8009
4844,8276,8280
4845,8236,7875
4846,8222,8278
4847,8215,8350
4848,8284,8175
4849,8284,7954
4850,8268,8329
4851,8160,8434
4852,8277,8280
4853,8212,7763
4854,8208,7775
4855,8242,8261
4856,8270,8226
4857,8240,8208
4858,8250,8077
4859,8283,8089
4860,8282,8459
4861,8286,8112
4862,8218,8173
4863,8223,8568
4864,8275,8162
4865,8247,8253
4866,8265,8378
4867,8318,8082
4868,8232,8205
4869,8266,8135
4870,8273,7812
4871,8244,8197
4872,8263,7899
4873,8286,8515
4874,8250,8345
4875,8287,8250
4876,8245,7970
4877,8296,8054
4878,8250,8346
4879,8227,8115
4880,8239,8378
4881,8207,8321
4882,8267,8523
4883,8294,8162
4884,8286,8092
4885,8270,8313
4886,8247,8243
4887,8236,8271
4888,8278,8311
4889,8268,8197
4890,8230,7826
4891,8213,7958
4892,8230,8389
4893,8265,7891
4894,8233,8035
4895,8226,8150
4896,8264,8345
4897,8244,8070
4898,8251,8175
4899,8215,8288
4900,8271,8274
4901,8211,8154
4902,8254,8184
4903,8187,8308
4904,8230,8125
4905,8282,8176
4906,8259,8167
4907,8312,8144
4908,8243,8198
4909,8234,7966
4910,8225,8426
4911,8265,8192
4912,8224,8411
4913,8255,8118
4914,8217,8467
4915,8287,8054
4916,8234,8219
4917,8216,8231
4918,8285,8436
4919,8230,8185
4920,8297,8240
4921,8248,8023
4922,8198,8219
4923,8270,7939
4924,8289,8159
4925,8115,8013
4926,8214,8517
4927,8220,7960
4928,8249,8408
4929,8200,8409
4930,8286,8250
4931,8285,7729
4932,8235,8135
4933,8233,7911
4934,8308,8129
4935,8264,8023
4936,8236,8401
4937,8278,8323
4938,8294,7875
4939,8275,8323
4940,8232,8140
4941,8253,8078
4942,8277,8248
4943,8284,8301
4944,8255,8233
4945,8284,8518
4946,8305,8135
4947,8268,8061
4948,8267,8083
4949,8267,7954
4950,8214,8397
4951,8239,8043
4952,8261,8271
4953,8282,7955
4954,8276,8382
4955,8257,7984
4956,8127,8558
4957,8262,8346
4958,8211,8050
4959,8276,7859
4960,8221,7998
4961,8252,7860
4962,8234,8067
4963,8245,8414
4964,8211,8100
4965,8273,8410
4966,8316,8249
4967,8224,8051
4968,8250,7955
4969,8224,8273
4970,8204,8010
4971,8304,8106
4972,8221,8364
4973,8276,8266
4974,8292,8141
4975,8185,7890
4976,8227,8303
4977,8246,8086
4978,8212,8130
4979,8332,8448
4980,8256,7785
4981,8247,8115
4982,8302,8082
4983,8263,8339
4984,8277,8284
4985,8253,8274
4986,8271,8078
4987,8264,7741
4988,8260,8321
4989,8239,8206
4990,8264,8133
4991,8226,8189
4992,8201,7930
4993,8226,8346
4994,8238,8144
4995,8226,8375
4996,8291,8356
4997,8240,8068
4998,8230,8105
4999,8117,8098
5000,8285,8157
5001,8190,8196
5002,8235,7788
5003,8273,8297
5004,8173,7894
5005,8229,8362
5006,8248,8264
5007,8242,8070
5008,8177,8316
5009,8267,7845
5010,8285,8137
5011,8178,8052
5012,8225,8282
5013,8245,7883
5014,8257,7803
5015,8230,7896
5016,8225,8137
5017,8240,8155
5018,8205,8414
5019,8247,8121
5020,8246,8421
5021,8285,7985
5022,8267,8476
5023,8215,8354
5024,8206,8407
5025,8278,8211
5026,8220,8313
5027,8266,8476
5028,8275,8239
5029,8236,8145
5030,8222,8368
5031,8242,8052
5032,8283,8080
5033,8304,8201
5034,8271,8181
5035,8302,8182
5036,8253,7947
5037,8253,8112
5038,8258,7969
5039,8270,8142
5040,8324,8114
5041,8193,8195
5042,8232,8226
5043,8240,8067
5044,8279,8090
5045,8208,8356
5046,8278,7784
5047,8285,8307
5048,8264,8221
5049,8221,8161
5050,8235,7973
5051,8234,8208
5052,8270,8283
5053,8241,8069
5054,8214,8515
5055,8231,8242
5056,8235,8057
5057,8270,8206
5058,8276,8034
5059,8253,8162
5060,8226,8373
5061,8228,8212
5062,8231,8358
5063,8233,8146
5064,8257,8354
5065,8261,8297
5066,8214,8292
5067,8258,8515
5068,8236,8125
5069,8247,8152
5070,8254,8122
5071,8229,8134
5072,8234,7903
5073,8280,8181
5074,8212,8314
5075,8223,8441
5076,8247,8083
5077,8237,8090
5078,8285,8138
5079,8259,8402
5080,8208,8363
5081,8271,8239
5082,8248,7921
5083,8233,8166
5084,8286,8107
5085,8188,8654
5086,8275,8172
5087,8269,8139
5088,8226,8265
5089,8297,8058
5090,8228,8026
5091,8227,8092
5092,8287,8311
5093,8222,8097
5094,8220,8355
5095,8281,8003
5096,8248,8106
5097,8283,7774
5098,8221,7841
5099,8253,8302
5100,8278,8333
5101,8303,7986
5102,8233,8255
5103,8274,8548
5104,8288,8282
5105,8277,8082
5106,8268,8187
5107,8259,8171
5108,8283,8010
5109,8232,8085
5110,8301,8172
5111,8230,8185
5112,8282,8348
5113,8240,8112
5114,8255,8140
5115,8205,7913
5116,8244,8286
5117,8224,8395
5118,8248,8013
5119,8225,8150
5120,8226,8159
5121,8270,8100
5122,8228,8341
5123,8236,8066
5124,8275,7831
5125,8228,8375
5126,8220,8343
5127,8278,8194
5128,8261,8249
5129,8266,8085
5130,8216,8212
5131,8283,8388
5132,8284,8176
5133,8206,7869
5134,8230,8285
5135,8224,7903
5136,8256,8306
5137,8226,8254
5138,8260,8432
5139,8274,7861
5140,8280,8142
5141,8283,8175
5142,8286,8404
5143,8217,8563
5144,8227,8300
5145,8271,8266
5146,8271,7977
5147,8287,7975
5148,8255,7999
5149,8228,8293
5150,8266,8253
5151,8227,8094
5152,8260,8286
5153,8236,8063
5154,8230,8018
5155,8285,8418
5156,8239,7986
5157,8207,8409
5158,8239,8175
5159,8316,8275
5160,8183,8258
5161,8255,8070
5162,8220,8182
5163,8283,8100
5164,8284,7934
5165,8287,8294
5166,8284,8055
5167,8223,8154
5168,8269,8160
5169,8276,8025
5170,8267,8125
5171,8228,8211
5172,8221,7965
5173,8242,8137
5174,8274,8040
5175,8214,8070
5176,8272,8090
5177,8278,8209
5178,8287,8078
5179,8279,8259
5180,8236,8135
5181,8230,8150
5182,8242,8180
5183,8242,7852
5184,8257,8539
5185,8220,8145
5186,8300,8163
5187,8216,8071
5188,8269,8293
5189,8232,8104
5190,8251,8208
5191,8230,8235
5192,8279,8191
5193,8201,8080
5194,8258,8390
5195,8228,8250
5196,8267,8360
5197,8265,7983
5198,8236,8166
5199,8230,8241
5200,8280,7979
5201,8228,8028
5202,8228,8258
5203,8194,7918
5204,8228,8351
5205,8236,8090
5206,8276,8391
5207,8258,7884
5208,8230,8126
5209,8264,8134
5210,8239,7956
5211,8212,8106
5212,8193,8398
5213,8234,8424
5214,8227,8384
5215,8230,8234
5216,8269,8065
5217,8228,8285
5218,8284,8231
5219,8288,7987
5220,8235,8077
5221,8264,7995
5222,8281,8394
5223,8265,8021
5224,8235,8069
5225,8275,7907
5226,8288,7874
5227,8268,8296
5228,8245,8017
5229,8256,8333
5230,8289,8143
5231,8278,8244
5232,8286,8374
5233,8241,8109
5234,8260,8194
5235,8287,8179
5236,8250,8170
5237,8246,8114
5238,8222,8170
5239,8274,8158
5240,8284,8389
5241,8286,8114
5242,8290,8088
5243,8207,8060
5244,8284,8274
5245,8195,8534
5246,8302,8174
5247,8229,8534
5248,8222,7881
5249,8266,7874
5250,8271,8267
5251,8223,8133
5252,8252,8058
5253,8275,8113
5254,8247,8198
5255,8286,8184
5256,8248,8209
5257,8257,8256
5258,8220,8293
5259,8262,8088
5260,8285,7850
5261,8267,8233
5262,8225,8082
5263,8237,8305
5264,8271,8520
5265,8225,8068
5266,8286,8031
5267,8305,8053
5268,8285,8108
5269,8245,8141
5270,8229,8025
5271,8232,8237
5272,8190,8403
5273,8245,8092
5274,8266,8059
5275,8227,8249
5276,8236,8057
5277,8256,8501
5278,8278,8269
5279,8206,7918
5280,8227,8416
5281,8232,7826
5282,8270,8215
5283,8253,7962
5284,8282,8067
5285,8219,8388
5286,8228,8306
5287,8220,8203
5288,8270,8366
5289,8218,8363
5290,8285,8416
5291,8291,8413
5292,8288,8326
5293,8212,8340
5294,8288,8193
5295,8204,8222
5296,8262,7949
5297,8226,8083
5298,8255,8265
5299,8222,7936
5300,8217,8301
5301,8204,8473
5302,8241,8341
5303,8262,8143
5304,8231,8286
5305,8275,8246
5306,8276,8054
5307,8276,8198
5308,8308,8103
5309,8270,7852
5310,8218,8399
5311,8245,8165
5312,8248,8196
5313,8221,7847
5314,8231,7846
5315,8238,8074
5316,8228,8182
5317,8237,8218
5318,8248,8155
5319,8228,8201
5320,8286,8268
5321,8195,8102
5322,8164,8113
5323,8274,7835
5324,8218,8371
5325,8257,8442
5326,8256,8251
5327,8297,8186
5328,8255,8258
5329,8241,8098
5330,8266,8400
5331,8262,8151
5332,8250,7933
5333,8270,8421
5334,8249,8076
5335,8217,8045
5336,8284,8458
5337,8272,8251
5338,8233,8398
5339,8246,8303
5340,8287,8407
5341,8226,8159
5342,8239,8104
5343,8227,8104
5344,8305,8261
5345,8266,8362
5346,8228,8535
5347,8280,8199
5348,8229,8027
5349,8236,8470
5350,8278,8071
5351,8225,7929
5352,8274,8099
5353,8202,8172
5354,8226,8345
5355,8241,8092
5356,8199,7903
5357,8261,7875
5358,8267,8143
5359,8225,7825
5360,8259,8513
5361,8228,8092
5362,8243,8301
5363,8250,8335
5364,8218,8016
5365,8226,8331
5366,8216,8117
5367,8228,8371
5368,8264,8230
5369,8238,7976
5370,8344,8247
5371,8233,8143
5372,8299,8376
5373,8243,8236
5374,8220,8336
5375,8301,8181
5376,8235,7829
5377,8215,8251
5378,8255,8201
5379,8214,7929
5380,8242,8211
5381,8228,8128
5382,8276,7834
5383,8229,8250
5384,8274,8216
5385,8223,8411
5386,8283,8101
5387,8246,7982
5388,8215,8113
5389,8283,8438
5390,8238,8123
5391,8295,8221
5392,8236,8289
5393,8226,8263
5394,8265,8194
5395,8222,8310
5396,8209,8303
5397,8264,8068
5398,8294,8121
5399,8281,8171
5400,8237,8270
5401,8226,7970
5402,8271,8333
5403,8290,8058
5404,8226,8468
5405,8273,8259
5406,8266,8451
5407,8265,8188
5408,8299,8094
5409,8260,8028
5410,8262,8363
5411,8211,8382
5412,8319,8161
5413,8282,8256
5414,8194,8038
5415,8290,8248
5416,8241,8206
5417,8235,8171
5418,8229,8066
5419,8291,7961
5420,8272,8279
5421,8281,8129
5422,8314,8309
5423,8211,7994
5424,8234,8095
5425,8223,7853
5426,8234,8071
5427,8271,8274
5428,8219,8024
5429,8222,8102
5430,8227,8130
5431,8214,8190
5432,8205,8047
5433,8281,8461
5434,8239,8120
5435,8225,7999
5436,8230,8235
5437,8272,7915
5438,8299,8008
5439,8257,8515
5440,8224,8336
5441,8264,8353
5442,8284,8268
5443,8275,8185
5444,8233,8393
5445,8249,8160
5446,8242,8416
5447,8277,8520
5448,8316,8210
5449,8241,8228
5450,8242,8153
5451,8226,8050
5452,8248,7961
5453,8227,8127
5454,8263,8123
5455,8266,8366
5456,8282,8088
5457,8279,8297
5458,8275,8335
5459,8235,8197
5460,8252,7806
5461,8267,8208
5462,8237,8099
5463,8275,8406
5464,8258,8217
5465,8287,8288
5466,8200,8278
5467,8224,8158
5468,8287,8321
5469,8238,8068
5470,8280,8347
5471,8220,8434
5472,8248,8242
5473,8260,8172
5474,8246,7835
5475,8234,8145
5476,8306,7987
5477,8286,8393
5478,8212,8535
5479,8247,8174
5480,8278,8327
5481,8195,8170
5482,8211,8094
5483,8240,8065
5484,8270,8295
5485,8199,8125
5486,8283,8088
5487,8247,7928
5488,8285,8093
5489,8249,7981
5490,8220,8491
5491,8303,8036
5492,8224,8192
5493,8285,8142
5494,8317,8042
5495,8299,8151
5496,8251,8262
5497,8226,8437
5498,8283,8252
5499,8219,8143
5500,8271,8254
5501,8233,8403
5502,8247,8245
5503,8170,8468
5504,8267,8465
5505,8234,8068
5506,8278,8399
5507,8264,8476
5508,8304,8229
5509,8270,8536
5510,8228,8102
5511,8269,8086
5512,8192,8382
5513,8234,8111
5514,8251,7841
5515,8234,8239
5516,8211,7953
5517,8261,8305
5518,8303,8076
5519,8245,7968
5520,8269,8410
5521,8227,7865
5522,8268,8303
5523,8201,8277
5524,8278,8280
5525,8267,7902
5526,8306,8089
5527,8242,8118
5528,8233,8133
5529,8275,8283
5530,8180,8190
5531,8202,8107
5532,8216,8278
5533,8254,8289
5534,8262,8398
5535,8221,8044
5536,8269,7907
5537,8220,7804
5538,8218,8251
5539,8268,8059
5540,8231,8157
5541,8314,8050
5542,8274,8122
5543,8283,8222
5544,8236,8211
5545,8226,8400
5546,8265,8134
5547,8290,8144
5548,8253,8273
5549,8280,8309
5550,8278,8221
5551,8224,8223
5552,8260,8111
5553,8281,8394
5554,8213,8354
5555,8276,8172
5556,8220,8477
5557,8200,7982
5558,8245,8273
5559,8284,8267
5560,8246,8492
5561,8186,8194
5562,8280,7885
5563,8288,8147
5564,8230,8087
5565,8221,8332
5566,8238,8141
5567,8245,8449
5568,8201,8292
5569,8114,8333
5570,8307,8102
5571,8271,8421
5572,8261,8160
5573,8279,7982
5574,8269,8209
5575,8223,8077
5576,8276,7975
5577,8241,8309
5578,8269,7938
5579,8222,8177
5580,8280,8114
5581,8285,8347
5582,8226,8278
5583,8286,8251
5584,8260,8107
5585,8221,8544
5586,8238,8345
5587,8261,8636
5588,8287,8374
5589,8304,8107
5590,8164,7798
5591,8270,8238
5592,8269,8274
5593,8278,8256
5594,8246,8094
5595,8228,8148
5596,8239,8392
5597,8218,8203
5598,8221,8509
5599,8240,8038
5600,8230,8286
5601,8245,8169
5602,8181,7920
5603,8229,8227
5604,8269,8307
5605,8275,7999
5606,8212,8339
5607,8179,8197
5608,8246,8206
5609,8254,8184
5610,8266,7821
5611,8237,8256
5612,8268,8419
5613,8224,8535
5614,8263,8181
5615,8263,8006
5616,8202,8199
5617,8265,8244
5618,8293,7851
5619,8279,7987
5620,8259,8134
5621,8219,8530
5622,8263,8242
5623,8259,8381
5624,8216,8139
5625,8270,8293
5626,8242,8283
5627,8264,7865
5628,8283,7797
5629,8216,8418
5630,8234,8308
5631,8269,8184
5632,8242,8084
5633,8262,7991
5634,8284,8209
5635,8232,7915
5636,8269,8410
5637,8278,8231
5638,8266,8537
5639,8193,8407
5640,8235,8199
5641,8259,8184
5642,8266,7933
5643,8260,8183
5644,8229,8046
5645,8254,8328
5646,8239,8174
5647,8288,8355
5648,8247,8191
5649,8236,7954
5650,8264,8028
5651,8318,8070
5652,8202,8134
5653,8214,7972
5654,8215,7987
5655,8160,8526
5656,8282,8228
5657,8230,7905
5658,8272,8106
5659,8233,8210
5660,8257,8110
5661,8232,8158
5662,8278,8233
5663,8281,8261
5664,8266,7878
5665,8225,8102
5666,8222,8247
5667,8234,8355
5668,8219,8158
5669,8226,8261
5670,8206,8350
5671,8221,8359
5672,8284,8342
5673,8223,8093
5674,8285,7956
5675,8268,7959
5676,8262,8059
5677,8281,7983
5678,8270,8425
5679,8294,8215
5680,8259,8270
5681,8236,8292
5682,8250,8164
5683,8269,8261
5684,8166,8318
5685,8261,8510
5686,8279,8535
5687,8267,8286
5688,8269,7861
5689,8315,8141
5690,8285,8098
5691,8195,8546
5692,8190,8373
5693,8284,8440
5694,8222,8271
5695,8227,8254
5696,8227,8148
5697,8291,7950
5698,8267,8349
5699,8271,8093
5700,8273,8520
5701,8218,8459
5702,8284,7962
5703,8266,7860
5704,8273,8454
5705,8281,8228
5706,8274,8126
5707,8281,8185
5708,8277,8287
5709,8197,8377
5710,8173,8436
5711,8252,8052
5712,8266,8213
5713,8195,8299
5714,8252,8132
5715,8258,8160
5716,8287,8105
5717,8234,8123
5718,8233,8290
5719,8242,8187
5720,8284,7909
5721,8281,8236
5722,8281,8417
5723,8194,8356
5724,8267,8259
5725,8226,8244
5726,8292,8202
5727,8267,8187
5728,8212,8302
5729,8268,8398
5730,8253,8042
5731,8244,8002
5732,8234,8143
5733,8225,8281
5734,8224,7992
5735,8223,8341
5736,8303,8144
5737,8286,8263
5738,8282,8364
5739,8294,8291
5740,8274,7908
5741,8250,8233
5742,8227,8153
5743,8208,8044
5744,8188,8533
5745,8287,8350
5746,8225,8150
5747,8230,7984
5748,8279,8105
5749,8285,7976
5750,8239,8194
5751,8266,8224
5752,8243,8081
5753,8265,8327
5754,8242,8464
5755,8220,8073
5756,8292,8138
5757,8261,8324
5758,8288,8246
5759,8284,8164
5760,8226,8481
5761,8284,8351
5762,8264,8276
5763,8246,8090
5764,8239,8484
5765,8239,8125
5766,8263,7865
5767,8289,8124
5768,8171,8526
5769,8237,8321
5770,8234,8269
5771,8197,7723
5772,8214,8109
5773,8238,8310
5774,8258,8082
5775,8294,7855
5776,8266,8405
5777,8300,8113
5778,8257,8302
5779,8286,7816
5780,8285,8142
5781,8269,8214
5782,8290,7899
5783,8261,8249
5784,8212,8393
5785,8213,8356
5786,8263,7870
5787,8245,8081
5788,8245,8288
5789,8228,8192
5790,8234,7959
5791,8193,8178
5792,8284,8343
5793,8296,8161
5794,8239,7829
5795,8259,8190
5796,8228,8142
5797,8204,7727
5798,8281,8288
5799,8264,7908
5800,8249,8077
5801,8235,8374
5802,8285,7952
5803,8225,8208
5804,8289,8076
5805,8291,7942
5806,8209,8075
5807,8242,7976
5808,8198,8054
5809,8236,8283
5810,8218,8229
5811,8167,8375
5812,8286,8117
5813,8202,8341
5814,8270,7879
5815,8269,8160
5816,8125,8202
5817,8285,8279
5818,8217,8413
5819,8226,8194
5820,8277,8278
5821,8238,8192
5822,8242,8089
5823,8282,8011
5824,8175,8053
5825,8338,8198
5826,8284,8145
5827,8288,8013
5828,8235,8014
5829,8233,7863
5830,8319,8111
5831,8256,8292
5832,8222,7869
5833,8204,8412
5834,8292,8163
5835,8232,8265
5836,8227,8295
5837,8269,7851
5838,8197,8346
5839,8237,7954
5840,8239,8125
5841,8237,7918
5842,8244,8143
5843,8251,8124
5844,8224,8099
5845,8231,8139
5846,8219,7809
5847,8233,8208
5848,8283,8198
5849,8268,8127
5850,8228,8193
5851,8231,8144
5852,8260,8183
5853,8200,7852
5854,8303,8216
5855,8274,8118
5856,8221,8037
5857,8211,8312
5858,8225,8113
5859,8237,8150
5860,8232,8175
5861,8283,8165
5862,8240,8330
5863,8229,7862
5864,8262,8206
5865,8179,8064
5866,8228,8349
5867,8249,8102
5868,8189,8094
5869,8273,8336
5870,8268,8372
5871,8204,7826
5872,8218,8441
5873,8233,7985
5874,8201,8448
5875,8166,8100
5876,8244,8249
5877,8186,8410
5878,8208,7783
5879,8276,7872
5880,8245,8106
5881,8277,7982
5882,8242,8038
5883,8235,8122
5884,8257,8065
5885,8229,7794
5886,8283,8325
5887,8260,8270
5888,8227,8138
5889,8233,7911
5890,8294,8067
5891,8231,8255
5892,8265,8231
5893,8234,8186
5894,8252,8054
5895,8268,8398
5896,8239,8257
5897,8272,8465
5898,8291,8127
5899,8219,7922
5900,8222,8323
5901,8215,8492
5902,8282,8252
5903,8192,7947
5904,8287,8155
5905,8256,8420
5906,8250,8178
5907,8273,8256
5908,8239,8320
5909,8252,7782
5910,8214,8151
5911,8264,8525
5912,8165,8518
5913,8212,7988
5914,8232,8194
5915,8264,7906
5916,8241,8154
5917,8236,8355
5918,8273,8274
5919,8276,8328
5920,8230,8281
5921,8267,8126
5922,8262,8156
5923,8285,8176
5924,8269,8246
5925,8225,7906
5926,8278,8190
5927,8253,8410
5928,8251,8073
5929,8283,8226
5930,8273,8240
5931,8260,8445
5932,8264,7790
5933,8230,8144
5934,8235,8230
5935,8227,8094
5936,8283,8185
5937,8279,8392
5938,8212,8353
5939,8222,8240
5940,8236,8165
5941,8249,8348
5942,8270,8301
5943,8281,8310
5944,8230,8078
5945,8276,8041
5946,8280,8083
5947,8232,8131
5948,8309,8158
5949,8243,8098
5950,8241,8085
5951,8285,8269
5952,8260,8207
5953,8195,7901
5954,8237,8189
5955,8211,8658
5956,8268,8238
5957,8257,7830
5958,8256,8202
5959,8189,7830
5960,8264,8102
5961,8245,8253
5962,8281,7840
5963,8259,8090
5964,8274,8323
5965,8229,8223
5966,8190,8126
5967,8294,8398
5968,8232,8245
5969,8237,8346
5970,8270,7939
5971,8234,8212
5972,8255,8303
5973,8278,8192
5974,8235,8177
5975,8237,8129
5976,8177,8538
5977,8278,8287
5978,8293,8186
5979,8249,8221
5980,8234,8051
5981,8250,8226
5982,8214,8047
5983,8273,8195
5984,8233,8173
5985,8260,8076
5986,8246,8310
5987,8287,8211
5988,8254,8242
5989,8284,8357
5990,8279,8336
5991,8263,8418
5992,8252,8105
5993,8249,8271
5994,8212,8324
5995,8273,8238
5996,8226,7794
5997,8279,8284
5998,8281,7859
5999,8235,8132
6000,8287,8172
6001,8344,8145
6002,8217,8263
6003,8278,8171
6004,8270,8231
6005,8246,8301
6006,8249,8122
6007,8233,8296
6008,8228,8247
6009,8244,8316
6010,8195,8466
6011,8208,8431
6012,8230,8256
6013,8237,8390
6014,8257,7795
6015,8260,8285
6016,8226,8142
6017,8238,8285
6018,8279,8295
6019,8279,8231
6020,8236,8167
6021,8282,8479
6022,8224,8108
6023,8285,8142
6024,8285,8146
6025,8216,8330
6026,8213,8204
6027,8257,7999
6028,8273,8361
6029,8257,8241
6030,8224,8313
6031,8241,8192
6032,8259,7952
6033,8262,7847
6034,8214,8284
6035,8283,8249
6036,8224,8027
6037,8281,8257
6038,8180,8392
6039,8237,8010
6040,8233,7850
6041,8210,8304
6042,8242,8297
6043,8283,7894
6044,8244,8385
6045,8215,8298
6046,8253,8228
6047,8232,8061
6048,8228,8325
6049,8297,8105
6050,8201,8145
6051,8254,7715
6052,8268,8396
6053,8230,7949
6054,8186,8600
6055,8224,8189
6056,8225,7836
6057,8218,8522
6058,8274,8169
6059,8288,8109
6060,8302,8217
6061,8310,7971
6062,8269,8368
6063,8287,8093
6064,8229,7957
6065,8244,8146
6066,8270,8206
6067,8273,8208
6068,8211,8190
6069,8234,8098
6070,8222,7878
6071,8215,8192
6072,8231,8540
6073,8235,8481
6074,8229,8211
6075,8256,8452
6076,8244,8039
6077,8227,7931
6078,8288,8211
6079,8257,8283
6080,8235,8137
6081,8263,8366
6082,8284,8279
6083,8274,7918
6084,8273,8186
6085,8258,8399
6086,8257,8142
6087,8254,8135
6088,8231,8139
6089,8284,8095
6090,8248,7928
6091,8291,7996
6092,8284,8200
6093,8301,8235
6094,8268,7860
6095,8223,7972
6096,8264,8378
6097,8231,7831
6098,8284,8180
6099,8256,8162
6100,8273,7866
6101,8287,8099
6102,8232,7974
6103,8305,8159
6104,8235,7986
6105,8292,8046
6106,8195,8186
6107,8262,7925
6108,8268,8273
6109,8161,8214
6110,8285,8379
6111,8293,8411
6112,8215,8170
6113,8283,8165
6114,8311,7990
6115,8280,8043
6116,8239,8125
6117,8212,8404
6118,8214,7926
6119,8254,8316
6120,8259,7856
6121,8295,8102
6122,8217,8284
6123,8193,7735
6124,8236,8176
6125,8264,8261
6126,8278,8154
6127,8246,8092
6128,8216,8258
6129,8273,8367
6130,8171,8187
6131,8229,7823
6132,8193,8270
6133,8285,8122
6134,8182,8187
6135,8279,8364
6136,8264,8291
6137,8226,8216
6138,8250,7939
6139,8285,7766
6140,8311,8113
6141,8292,8404
6142,8265,8456
6143,8288,8139
6144,8247,8052
6145,8238,8428
6146,8266,8090
6147,8267,8256
6148,8229,8069
6149,8224,8084
6150,8235,8207
6151,8283,8110
6152,8232,8415
6153,8278,8103
6154,8232,8330
6155,8215,8323
6156,8281,8526
6157,8244,8287
6158,8270,8440
6159,8185,7965
6160,8280,8328
6161,8286,8266
6162,8228,8280
6163,8277,8273
6164,8196,8297
6165,8260,8454
6166,8237,7998
6167,8212,8299
6168,8266,8142
6169,8272,8270
6170,8333,8107
6171,8277,7862
6172,8284,8497
6173,8267,8220
6174,8283,8392
6175,8195,7892
6176,8257,8159
6177,8283,8084
6178,8263,8238
6179,8226,8383
6180,8286,7806
6181,8268,8442
6182,8293,8045
6183,8285,8156
6184,8223,7900
6185,8234,8205
6186,8216,8429
6187,8228,8161
6188,8217,8405
6189,8271,8322
6190,8241,8220
6191,8245,8160
6192,8201,8219
6193,8286,8007
6194,8280,8324
6195,8312,8162
6196,8274,8089
6197,8278,8326
6198,8244,8324
6199,8278,8240
6200,8276,8447
6201,8278,8067
6202,8275,8196
6203,8264,8128
6204,8211,8337
6205,8190,8413
6206,8229,7981
6207,8264,8016
6208,8245,8193
6209,8263,8126
6210,8235,8090
6211,8286,8577
6212,8256,8344
6213,8265,8171
6214,8215,7863
6215,8273,8477
6216,8289,8210
6217,8268,8355
6218,8260,8194
6219,8220,8294
6220,8234,8268
6221,8234,7903
6222,8228,8203
6223,8233,8037
6224,8285,8205
6225,8275,8248
6226,8220,8110
6227,8245,8117
6228,8210,8496
6229,8169,8069
6230,8267,7915
6231,8304,7998
6232,8285,8189
6233,8253,8408
6234,8212,8074
6235,8270,8200
6236,8266,7736
6237,8221,8433
6238,8238,8074
6239,8187,7866
6240,8108,8518
6241,8272,7906
6242,8235,8297
6243,8282,8313
6244,8274,8384
6245,8272,8415
6246,8182,8349
6247,8261,8231
6248,8263,8315
6249,8241,8114
6250,8207,8018
6251,8259,8246
6252,8201,7789
6253,8234,8169
6254,8250,8020
6255,8252,8126
6256,8224,8298
6257,8269,7975
6258,8283,8206
6259,8282,8035
6260,8233,8252
6261,8279,8286
6262,8256,7818
6263,8281,8131
6264,8205,8013
6265,8285,8164
6266,8297,7916
6267,8183,8162
6268,8223,8224
6269,8267,8493
6270,8237,8379
6271,8217,8353
6272,8233,8183
6273,8259,7956
6274,8238,8212
6275,8287,8264
6276,8273,8116
6277,8201,7980
6278,8191,8300
6279,8280,8091
6280,8260,8439
6281,8239,7928
6282,8208,8394
6283,8278,8316
6284,8265,8294
6285,8279,8407
6286,8289,8113
6287,8229,7996
6288,8228,8198
6289,8297,8190
6290,8272,8291
6291,8311,8319
6292,8221,8149
6293,8240,7717
6294,8227,8229
6295,8307,8288
6296,8279,8092
6297,8281,7915
6298,8240,8221
6299,8224,8374
6300,8276,8204
6301,8267,8220
6302,8227,7945
6303,8284,8124
6304,8225,7926
6305,8227,8091
6306,8231,8178
6307,8259,8450
6308,8285,8324
6309,8228,8147
6310,8260,8183
6311,8276,8387
6312,8247,8184
6313,8241,8216
6314,8225,8164
6315,8197,7852
6316,8238,8038
6317,8213,8263
6318,8233,7993
6319,8207,8123
6320,8226,8252
6321,8307,8286
6322,8239,8200
6323,8224,7889
6324,8244,8205
6325,8235,8177
6326,8274,8129
6327,8232,8263
6328,8247,7928
6329,8227,8062
6330,8247,8202
6331,8231,8440
6332,8225,8167
6333,8248,8292
6334,8163,8602
6335,8287,8173
6336,8269,8601
6337,8271,8118
6338,8244,8112
6339,8252,8066
6340,8232,8082
6341,8262,8417
6342,8244,8256
6343,8195,7807
6344,8292,8094
6345,8243,8298
6346,8276,8232
6347,8179,8257
6348,8257,8358
6349,8297,8159
6350,8255,8187
6351,8256,8084
6352,8257,8083
6353,8233,8329
6354,8274,8130
6355,8281,8485
6356,8214,8439
6357,8276,8323
6358,8296,8100
6359,8268,8385
6360,8301,8239
6361,8284,7924
6362,8236,8231
6363,8240,8266
6364,8260,7736
6365,8281,8134
6366,8228,8231
6367,8270,8093
6368,8322,8097
6369,8257,8455
6370,8245,7837
6371,8216,8280
6372,8242,8093
6373,8256,8234
6374,8271,8209
6375,8209,8354
6376,8221,8224
6377,8230,8215
6378,8229,8069
6379,8274,8238
6380,8268,8299
6381,8229,8159
6382,8272,8243
6383,8235,8345
6384,8179,7960
6385,8241,8122
6386,8264,7907
6387,8297,8066
6388,8222,8343
6389,8169,8233
6390,8196,8580
6391,8190,7969
6392,8262,8146
6393,8272,8103
6394,8179,8339
6395,8212,8167
6396,8210,8286
6397,8281,8247
6398,8224,8408
6399,8234,7869
6400,8235,8114
6401,8250,8416
6402,8272,7799
6403,8287,8186
6404,8234,8099
6405,8212,8524
6406,8239,8303
6407,8240,8141
6408,8236,8054
6409,8162,8195
6410,8272,8130
6411,8248,8158
6412,8248,8059
6413,8275,7813
6414,8230,7966
6415,8243,8575
6416,8235,8227
6417,8267,7909
6418,8236,7987
6419,8280,8318
6420,8301,8231
6421,8253,8068
6422,8269,8019
6423,8279,8135
6424,8115,8574
6425,8235,7835
6426,8287,8082
6427,8179,7817
6428,8230,8421
6429,8249,8021
6430,8276,8124
6431,8269,8305
6432,8191,8396
6433,8273,8007
6434,8262,8108
6435,8274,8339
6436,8195,8354
6437,8200,8189
6438,8237,8067
6439,8279,8325
6440,8278,8236
6441,8257,8025
6442,8284,8385
6443,8238,8141
6444,8250,8125
6445,8221,7884
6446,8276,8330
6447,8245,8110
6448,8234,8185
6449,8261,8117
6450,8262,8243
6451,8269,8015
6452,8239,8130
6453,8225,8008
6454,8284,8362
6455,8228,8087
6456,8268,8060
6457,8225,8205
6458,8210,8378
6459,8279,8159
6460,8227,8098
6461,8289,8079
6462,8266,8129
6463,8231,8186
6464,8260,8343
6465,8221,8208
6466,8205,8326
6467,8270,8140
6468,8287,8425
6469,8271,8295
6470,8233,8342
6471,8226,8310
6472,8279,8403
6473,8243,8181
6474,8225,8016
6475,8266,8285
6476,8190,8445
6477,8234,8339
6478,8271,7783
6479,8275,8267
6480,8242,8002
6481,8297,8160
6482,8211,7954
6483,8269,8379
6484,8224,8179
6485,8280,8034
6486,8205,8424
6487,8276,8338
6488,8260,8294
6489,8233,8144
6490,8241,7791
6491,8257,8369
6492,8216,7889
6493,8212,7943
6494,8240,8266
6495,8250,8091
6496,8258,8343
6497,8288,8196
6498,8292,7862
6499,8209,8263
6500,8229,8290
6501,8247,8122
6502,8265,8320
6503,8270,8068
6504,8215,8095
6505,8282,8001
6506,8230,8253
6507,8283,8121
6508,8259,8212
6509,8248,8300
6510,8282,8373
6511,8265,8463
6512,8280,8418
6513,8202,8267
6514,8282,8347
6515,8273,8368
6516,8284,8390
6517,8264,8109
6518,8253,8051
6519,8230,8027
6520,8228,8135
6521,8270,7789
6522,8227,8099
6523,8280,8023
6524,8286,7957
6525,8237,8247
6526,8235,8340
6527,8322,8246
6528,8274,7979
6529,8265,8390
6530,8262,8252
6531,8280,8413
6532,8225,8136
6533,8289,8266
6534,8311,7913
6535,8279,8261
6536,8307,8106
6537,8270,8408
6538,8238,8036
6539,8268,7898
6540,8247,8338
6541,8226,8086
6542,8274,8184
6543,8234,8092
6544,8171,7984
6545,8281,7922
6546,8229,8148
6547,8257,8549
6548,8245,8099
6549,8282,8259
6550,8245,7793
6551,8231,8199
6552,8219,8155
6553,8266,8346
6554,8239,8248
6555,8203,8197
6556,8241,8403
6557,8282,8395
6558,8264,8120
6559,8242,8136
6560,8271,8059
6561,8223,8153
6562,8256,8033
6563,8197,8349
6564,8275,8248
6565,8280,7852
6566,8258,7740
6567,8278,8060
6568,8259,8040
6569,8225,8131
6570,8263,8282
6571,8273,8373
6572,8289,8095
6573,8242,8098
6574,8227,8324
6575,8235,7859
6576,8228,8069
6577,8235,8120
6578,8319,7881
6579,8215,8452
6580,8242,8349
6581,8284,8157
6582,8214,8206
6583,8261,8230
6584,8275,8239
6585,8249,7977
6586,8275,8449
6587,8274,8414
6588,8248,8073
6589,8223,8402
6590,8166,8048
6591,8300,8132
6592,8250,8220
6593,8233,8163
6594,8266,8530
6595,8299,8050
6596,8256,7986
6597,8262,8126
6598,8249,8121
6599,8224,8186
6600,8224,8031
6601,8231,8328
6602,8313,8095
6603,8246,8068
6604,8228,8111
6605,8220,7837
6606,8299,8037
6607,8223,8398
6608,8280,8309
6609,8232,8211
6610,8266,8290
6611,8239,8227
6612,8223,8047
6613,8291,8321
6614,8244,8357
6615,8276,8156
6616,8239,8206
6617,8249,8271
6618,8294,8287
6619,8270,8139
6620,8258,8120
6621,8265,8121
6622,8286,8205
6623,8286,8240
6624,8313,7722
6625,8293,8093
6626,8272,8500
6627,8247,8041
6628,8274,8119
6629,8286,8177
6630,8257,7911
6631,8230,8279
6632,8228,8307
6633,8256,8308
6634,8290,8276
6635,8274,8344
6636,8295,8117
6637,8223,7786
6638,8258,8040
6639,8227,7972
6640,8276,8012
6641,8240,8104
6642,8234,7857
6643,8259,8315
6644,8278,8332
6645,8229,8357
6646,8246,7791
6647,8287,8086
6648,8254,8229
6649,8279,8182
6650,8291,7969
6651,8285,8395
6652,8250,8106
6653,8252,8133
6654,8241,7982
6655,8312,8192
6656,8207,8056
6657,8306,8069
6658,8225,8007
6659,8269,8226
6660,8227,8049
6661,8225,7978
6662,8219,8234
6663,8224,8077
6664,8181,8055
6665,8184,8441
6666,8174,8422
6667,8279,8261
6668,8233,8007
6669,8235,8199
6670,8226,8252
6671,8237,8291
6672,8234,8302
6673,8228,8260
6674,8207,8207
6675,8271,8295
6676,8234,8101
6677,8282,8387
6678,8220,8218
6679,8228,8199
6680,8301,8369
6681,8185,8131
6682,8299,8130
6683,8280,8144
6684,8280,8138
6685,8230,8107
6686,8210,8585
6687,8164,8434
6688,8207,8375
6689,8286,8160
6690,8265,8296
6691,8269,8057
6692,8275,7989
6693,8274,8393
6694,8275,8262
6695,8257,8371
6696,8260,8133
6697,8266,8233
6698,8282,8120
6699,8254,8076
6700,8244,8062
6701,8205,8034
6702,8273,8550
6703,8265,8063
6704,8219,8224
6705,8229,8240
6706,8296,8318
6707,8282,8002
6708,8291,8191
6709,8274,8325
6710,8247,8216
6711,8258,8248
6712,8238,8172
6713,8254,8209
6714,8224,8256
6715,8177,8458
6716,8270,8406
6717,8249,8208
6718,8273,8250
6719,8267,8299
6720,8237,8413
6721,8273,7998
6722,8258,8226
6723,8243,8400
6724,8269,8277
6725,8226,7866
6726,8116,8010
6727,8280,8241
6728,8214,8158
6729,8259,7824
6730,8227,8211
6731,8241,8103
6732,8273,8002
6733,8297,8133
6734,8269,8202
6735,8253,8194
6736,8234,7933
6737,8261,8398
6738,8255,8103
6739,8261,8309
6740,8184,7987
6741,8270,8125
6742,8198,8173
6743,8202,8465
6744,8280,8170
6745,8237,8086
6746,8188,7870
6747,8266,8047
6748,8123,8285
6749,8208,8407
6750,8285,8350
6751,8289,8296
6752,8282,8242
6753,8232,7850
6754,8242,7974
6755,8235,8303
6756,8182,8155
6757,8230,8101
6758,8322,8280
6759,8269,7839
6760,8227,8196
6761,8266,7924
6762,8226,7990
6763,8279,8208
6764,8254,8162
6765,8186,8571
6766,8263,8271
6767,8271,8276
6768,8246,8456
6769,8259,8046
6770,8218,8182
6771,8257,8330
6772,8214,8318
6773,8169,8479
6774,8267,8132
6775,8265,8105
6776,8194,8057
6777,8249,8025
6778,8263,7894
6779,8238,8210
6780,8278,8187
6781,8206,8503
6782,8274,8304
6783,8100,8498
6784,8274,8117
6785,8194,8532
6786,8269,8403
6787,8234,8348
6788,8287,8039
6789,8277,8263
6790,8230,8273
6791,8176,7992
6792,8295,8022
6793,8247,8218
6794,8231,8341
6795,8292,8245
6796,8196,8048
6797,8221,8395
6798,8267,8178
6799,8318,8068
6800,8229,7895
6801,8283,8268
6802,8204,8399
6803,8288,8045
6804,8271,8105
6805,8220,8281
6806,8271,8256
6807,8271,8081
6808,8120,8567
6809,8234,8299
6810,8281,8265
6811,8225,8317
6812,8211,7869
6813,8199,8452
6814,8276,8076
6815,8247,8219
6816,8266,8133
6817,8281,8131
6818,8259,7867
6819,8278,8135
6820,8280,8233
6821,8230,8293
6822,8278,8236
6823,8250,8132
6824,8175,8259
6825,8306,8165
6826,8220,8027
6827,8228,8070
6828,8282,8416
6829,8289,7958
6830,8279,8319
6831,8263,8225
6832,8280,8211
6833,8269,8335
6834,8263,7770
6835,8303,7971
6836,8250,8126
6837,8279,8421
6838,8248,8345
6839,8233,7968
6840,8228,8006
6841,8217,7876
6842,8127,7890
6843,8287,8203
6844,8285,8118
6845,8256,8403
6846,8217,8328
6847,8228,8170
6848,8255,8075
6849,8186,8282
6850,8221,8416
6851,8263,7950
6852,8199,8536
6853,8273,8173
6854,8234,8216
6855,8220,8372
6856,8286,7957
6857,8208,8108
6858,8284,8464
6859,8261,8441
6860,8321,8107
6861,8221,8513
6862,8250,8281
6863,8248,8337
6864,8274,7954
6865,8270,7996
6866,8221,8405
6867,8265,8307
6868,8211,8164
6869,8290,8065
6870,8289,7855
6871,8283,7984
6872,8286,8042
6873,8277,8109
6874,8241,8171
6875,8185,8343
6876,8234,8133
6877,8247,8400
6878,8321,8057
6879,8265,7915
6880,8273,8318
6881,8217,8283
6882,8232,8317
6883,8295,8331
6884,8269,8180
6885,8253,8400
6886,8243,7928
6887,8265,8390
6888,8221,8250
6889,8265,8031
6890,8173,8570
6891,8203,8226
6892,8226,8264
6893,8260,7931
6894,8271,8385
6895,8246,8256
6896,8212,8301
6897,8280,7822
6898,8283,8190
6899,8213,8488
6900,8201,7743
6901,8283,8251
6902,8250,7980
6903,8260,8330
6904,8273,8222
6905,8246,8260
6906,8225,8175
6907,8245,8136
6908,8283,8238
6909,8239,8394
6910,8286,8194
6911,8247,7928
6912,8268,8328
6913,8312,8179
6914,8292,8141
6915,8284,7872
6916,8266,8134
6917,8219,8177
6918,8226,8304
6919,8261,7841
6920,8242,8219
6921,8225,8382
6922,8300,8083
6923,8222,8404
6924,8253,8100
6925,8280,8140
6926,8235,8356
6927,8288,8182
6928,8224,8290
6929,8237,8446
6930,8237,7840
6931,8278,8067
6932,8279,8289
6933,8275,8009
6934,8299,8041
6935,8275,8371
6936,8282,8366
6937,8111,8347
6938,8292,8210
6939,8282,8235
6940,8238,7936
6941,8279,8170
6942,8255,7912
6943,8282,8253
6944,8231,8405
6945,8273,8358
6946,8242,8270
6947,8193,8329
6948,8222,7881
6949,8236,7989
6950,8269,8314
6951,8283,8369
6952,8264,8026
6953,8286,8022
6954,8224,8034
6955,8286,7912
6956,8259,8364
6957,8271,8373
6958,8309,8246
6959,8271,7804
6960,8232,8336
6961,8263,8669
6962,8219,8320
6963,8281,7823
6964,8217,8023
6965,8270,8039
6966,8280,8315
6967,8265,8292
6968,8216,8289
6969,8276,8487
6970,8276,7940
6971,8262,8386
6972,8246,8125
6973,8280,8256
6974,8275,8409
6975,8247,8033
6976,8318,7765
6977,8276,8486
6978,8282,8119
6979,8266,8343
6980,8264,8330
6981,8263,8202
6982,8261,8231
6983,8257,8363
6984,8246,8406
6985,8230,8171
6986,8300,7984
6987,8221,7981
6988,8289,7952
6989,8273,8500
6990,8283,8174
6991,8273,8177
6992,8257,8312
6993,8229,8414
6994,8287,8153
6995,8221,8120
6996,8272,8239
6997,8277,7782
6998,8310,8114
6999,8277,8321
7000,8297,8159
7001,8189,8583
7002,8276,8169
7003,8228,7800
7004,8283,8087
7005,8264,8066
7006,8302,8209
7007,8202,8091
7008,8236,8138
7009,8270,8441
7010,8278,8109
7011,8228,8151
7012,8222,7844
7013,8248,8126
7014,8222,8042
7015,8274,8078
7016,8220,8295
7017,8205,7902
7018,8317,8259
7019,8276,8509
7020,8236,8011
7021,8206,8391
7022,8235,8011
7023,8176,8408
7024,8284,7989
7025,8261,8552
7026,8280,8329
7027,8275,8276
7028,8243,8319
7029,8293,8180
7030,8286,8152
7031,8271,8214
7032,8216,7972
7033,8267,8046
7034,8325,8071
7035,8311,7981
7036,8285,8112
7037,8276,8312
7038,8250,8446
7039,8287,8250
7040,8317,8162
7041,8282,7952
7042,8249,8379
7043,8252,8303
7044,8294,8164
7045,8287,8334
7046,8232,8359
7047,8283,8249
7048,8292,7986
7049,8273,8286
7050,8121,8150
7051,8193,8204
7052,8277,8426
7053,8274,8265
7054,8223,7796
7055,8271,8128
7056,8285,8353
7057,8299,8126
7058,8241,8314
7059,8266,8047
7060,8273,8281
7061,8190,7894
7062,8210,8517
7063,8241,7901
7064,8244,8312
7065,8201,8526
7066,8213,8277
7067,8250,7943
7068,8343,8181
7069,8230,8277
7070,8260,8304
7071,8232,7879
7072,8259,8225
7073,8197,7723
7074,8256,8240
7075,8209,8392
7076,8306,8012
7077,8281,8156
7078,8267,8450
7079,8251,8218
7080,8242,8166
7081,8238,8396
7082,8256,8265
7083,8249,8057
7084,8255,8057
7085,8283,8316
7086,8287,8294
7087,8200,8411
7088,8232,8292
7089,8245,8105
7090,8229,8045
7091,8276,7865
7092,8240,7976
7093,8217,8175
7094,8234,7980
7095,8228,8039
7096,8288,8435
7097,8276,8273
7098,8171,8242
7099,8263,8155
7100,8280,8261
7101,8265,8334
7102,8214,8059
7103,8289,8177
7104,8277,7810
7105,8233,8082
7106,8309,8065
7107,8272,8432
7108,8105,8219
7109,8289,8299
7110,8214,8468
7111,8295,8030
7112,8270,7785
7113,8258,8579
7114,8195,7865
7115,8201,8321
7116,8274,8249
7117,8198,8290
7118,8254,8218
7119,8267,7722
7120,8285,8525
7121,8230,8394
7122,8245,8403
7123,8297,8298
7124,8236,8205
7125,8273,8306
7126,8237,8092
7127,8225,8068
7128,8301,8054
7129,8244,8313
7130,8253,8221
7131,8293,8106
7132,8228,8201
7133,8249,8099
7134,8238,8065
7135,8271,8267
7136,8232,8414
7137,8260,8282
7138,8231,8046
7139,8220,8276
7140,8203,8231
7141,8293,8156
7142,8251,8191
7143,8242,8012
7144,8125,8219
7145,8242,8092
7146,8260,7949
7147,8272,8426
7148,8223,7929
7149,8276,8335
7150,8260,8166
7151,8257,8389
7152,8264,7876
7153,8294,7940
7154,8253,7926
7155,8244,8347
7156,8283,8398
7157,8226,8282
7158,8282,8248
7159,8294,8063
7160,8220,7920
7161,8197,8502
7162,8256,8027
7163,8199,8531
7164,8212,8427
7165,8220,8221
7166,8266,8322
7167,8236,8392
7168,8281,8075
7169,8275,8187
7170,8254,8294
7171,8233,8112
7172,8238,8222
7173,8266,8050
7174,8287,8282
7175,8227,8038
7176,8225,8031
7177,8227,8310
7178,8232,8100
7179,8221,8400
7180,8258,8484
7181,8191,8226
7182,8275,8409
7183,8201,8344
7184,8278,7751
7185,8225,7785
7186,8198,8107
7187,8242,8259
7188,8272,8273
7189,8268,7961
7190,8253,8149
7191,8239,8164
7192,8268,8172
7193,8264,8211
7194,8224,8267
7195,8226,8200
7196,8290,8178
7197,8272,8194
7198,8290,8025
7199,8226,7795
7200,8235,8114
7201,8155,8450
7202,8240,8114
7203,8234,8088
7204,8237,8340
7205,8283,7997
7206,8265,8300
7207,8207,7726
7208,8272,8304
7209,8297,8186
7210,8205,8167
7211,8200,8117
7212,8277,8076
7213,8280,8455
7214,8286,8007
7215,8213,8266
7216,8286,8051
7217,8216,8520
7218,8245,8216
7219,8246,7989
7220,8226,8309
7221,8200,8524
7222,8219,8321
7223,8240,8451
7224,8276,8244
7225,8283,8203
7226,8244,8167
7227,8294,8125
7228,8240,8318
7229,8277,8149
7230,8280,8197
7231,8265,7854
7232,8278,8276
7233,8214,8283
7234,8195,8126
7235,8239,8210
7236,8215,8007
7237,8217,8371
7238,8241,8323
7239,8233,8197
7240,8276,8267
7241,8237,8168
7242,8269,8277
7243,8225,8454
7244,8218,8088
7245,8254,8229
7246,8252,8129
7247,8236,7874
7248,8186,8138
7249,8282,8331
7250,8229,8143
7251,8285,8001
7252,8216,8097
7253,8300,7938
7254,8290,8256
7255,8264,8109
7256,8286,8136
7257,8171,8295
7258,8259,8072
7259,8277,8432
7260,8284,7958
7261,8220,8440
7262,8223,8391
7263,8238,8254
7264,8277,8089
7265,8232,8514
7266,8243,8125
7267,8269,8428
7268,8283,8160
7269,8292,8224
7270,8279,8163
7271,8275,8282
7272,8261,8555
7273,8239,8150
7274,8269,8226
7275,8199,7963
7276,8251,8221
7277,8206,8202
7278,8297,7979
7279,8207,8033
7280,8238,8191
7281,8301,8055
7282,8267,8115
7283,8280,8099
7284,8266,8226
7285,8249,7947
7286,8238,8153
7287,8218,8445
7288,8273,8443
7289,8262,8428
7290,8181,8375
7291,8289,8196
7292,8272,8338
7293,8184,7923
7294,8310,8156
7295,8226,8342
7296,8282,8172
7297,8210,8222
7298,8303,8248
7299,8259,8269
7300,8230,8250
7301,8277,8274
7302,8227,8316
7303,8239,8024
7304,8217,8280
7305,8273,8119
7306,8216,8106
7307,8270,7724
7308,8236,8340
7309,8238,8109
7310,8199,7858
7311,8239,8086
7312,8298,8110
7313,8259,8189
7314,8319,8078
7315,8274,8464
7316,8241,8134
7317,8263,7939
7318,8223,7796
7319,8305,8021
7320,8279,8319
7321,8262,7915
7322,8268,8355
7323,8209,8449
7324,8228,8064
7325,8259,7925
7326,8258,8061
7327,8280,8192
7328,8214,8550
7329,8240,8158
7330,8237,8004
7331,8205,8163
7332,8271,8392
7333,8263,8327
7334,8217,8104
7335,8245,8266
7336,8190,8182
7337,8227,8054
7338,8227,7911
7339,8222,8277
7340,8295,8279
7341,8285,8112
7342,8197,8353
7343,8274,8094
7344,8291,8338
7345,8203,8141
7346,8261,7797
7347,8287,8281
7348,8248,8228
7349,8241,7877
7350,8295,8244
7351,8221,8389
7352,8270,7831
7353,8246,8307
7354,8263,7851
7355,8232,8141
7356,8235,8311
7357,8225,8394
7358,8241,8323
7359,8248,8399
7360,8281,8045
7361,8228,8202
7362,8270,8099
7363,8277,8198
7364,8227,8221
7365,8280,8170
7366,8287,8440
7367,8222,8254
7368,8205,8260
7369,8286,8071
7370,8274,8427
7371,8214,8402
7372,8232,8063
7373,8280,8238
7374,8238,8137
7375,8234,8025
7376,8242,8166
7377,8257,8033
7378,8236,8269
7379,8282,8115
7380,8259,8057
7381,8257,8249
7382,8234,8340
7383,8225,8280
7384,8286,8287
7385,8122,8412
7386,8225,8086
7387,8273,8128
7388,8246,7844
7389,8232,8276
7390,8276,8334
7391,8197,8423
7392,8326,8156
7393,8269,8140
7394,8236,8093
7395,8279,8180
7396,8273,7758
7397,8237,7993
7398,8257,8104
7399,8217,8436
7400,8260,8349
7401,8258,8241
7402,8271,8268
7403,8182,8446
7404,8260,8029
7405,8268,8242
7406,8264,8331
7407,8298,8312
7408,8180,8342
7409,8268,8117
7410,8253,8213
7411,8244,8186
7412,8187,8325
7413,8265,8037
7414,8281,8407
7415,8311,8149
7416,8248,7741
7417,8238,8087
7418,8268,8448
7419,8285,8238
7420,8251,8393
7421,8273,8203
7422,8264,8217
7423,8272,8088
7424,8232,8189
7425,8260,7822
7426,8234,8266
7427,8286,8590
7428,8251,8013
7429,8234,8108
7430,8262,8101
7431,8226,7957
7432,8225,8307
7433,8207,7903
7434,8249,8237
7435,8250,8208
7436,8282,8245
7437,8193,8542
7438,8289,8274
7439,8279,8341
7440,8266,8353
7441,8275,8446
7442,8239,8059
7443,8256,8170
7444,8280,8355
7445,8281,8165
7446,8261,8080
7447,8302,8284
7448,8172,7988
7449,8209,8405
7450,8220,8144
7451,8246,8147
7452,8290,8096
7453,8222,8500
7454,8262,8525
7455,8286,8264
7456,8287,8215
7457,8212,8226
7458,8231,8237
7459,8228,8323
7460,8257,8437
7461,8262,8118
7462,8227,8358
7463,8224,8360
7464,8277,8397
7465,8214,8326
7466,8286,8185
7467,8228,8191
7468,8276,8339
7469,8234,8002
7470,8311,8285
7471,8224,8107
7472,8253,8171
7473,8241,8097
7474,8277,8310
7475,8226,7974
7476,8209,8432
7477,8279,8077
7478,8282,8296
7479,8277,8339
7480,8274,8005
7481,8285,7960
7482,8233,8054
7483,8251,8283
7484,8284,7884
7485,8272,8352
7486,8294,8035
7487,8227,8035
7488,8238,8264
7489,8190,8608
7490,8283,8148
7491,8237,8319
7492,8275,8284
7493,8311,8315
7494,8279,8310
7495,8297,8180
7496,8122,8187
7497,8267,8341
7498,8247,8159
7499,8270,8362
7500,8238,8007
7501,8283,7906
7502,8236,8363
7503,8164,8386
7504,8230,8410
7505,8280,8170
7506,8198,7817
7507,8226,8215
7508,8285,8356
7509,8281,8112
7510,8263,8256
7511,8189,8190
7512,8225,8387
7513,8218,8069
7514,8242,8285
7515,8228,8086
7516,8257,8318
7517,8282,7866
7518,8283,8089
7519,8226,7933
7520,8326,8106
7521,8233,8289
7522,8283,7706
7523,8265,8487
7524,8243,7853
7525,8173,8378
7526,8283,8219
7527,8214,8192
7528,8272,8202
7529,8275,8011
7530,8227,7992
7531,8170,8331
7532,8262,8142
7533,8226,8027
7534,8226,8051
7535,8237,8145
7536,8272,8024
7537,8207,8195
7538,8201,8038
7539,8294,8176
7540,8268,8578
7541,8241,8143
7542,8306,8104
7543,8278,8323
7544,8234,8050
7545,8247,8271
7546,8267,8194
7547,8266,8468
7548,8235,8405
7549,8226,8214
7550,8285,8200
7551,8230,8241
7552,8271,8269
7553,8248,8300
7554,8278,8029
7555,8309,7920
7556,8227,8373
7557,8247,8196
7558,8229,8304
7559,8233,8222
7560,8230,8209
7561,8236,8155
7562,8253,8025
7563,8219,8229
7564,8248,8320
7565,8245,8284
7566,8272,8291
7567,8270,8239
7568,8268,8505
7569,8223,8285
7570,8261,8220
7571,8269,8295
7572,8231,8192
7573,8238,8216
7574,8303,8344
7575,8100,8342
7576,8275,8093
7577,8289,8114
7578,8206,8124
7579,8274,8094
7580,8232,8138
7581,8224,8126
7582,8229,8248
7583,8273,8251
7584,8254,8180
7585,8249,8048
7586,8235,8163
7587,8232,8138
7588,8234,8140
7589,8181,8190
7590,8237,8296
7591,8206,8469
7592,8275,8134
7593,8232,8170
7594,8264,8164
7595,8229,8140
7596,8315,8335
7597,8251,8041
7598,8258,8171
7599,8242,8130
7600,8279,8410
7601,8208,8304
7602,8296,8028
7603,8335,8246
7604,8184,8052
7605,8205,8281
7606,8263,8417
7607,8286,8355
7608,8260,8370
7609,8227,8198
7610,8271,8190
7611,8280,7932
7612,8302,8217
7613,8203,8170
7614,8287,7889
7615,8216,7838
7616,8282,8064
7617,8266,8043
7618,8249,8061
7619,8275,8346
7620,8226,8196
7621,8268,8185
7622,8277,8354
7623,8271,8100
7624,8184,8245
7625,8227,8316
7626,8267,8201
7627,8242,8320
7628,8220,8135
7629,8285,8047
7630,8252,8070
7631,8274,8334
7632,8261,8396
7633,8278,7797
7634,8285,8263
7635,8195,8259
7636,8238,8058
7637,8280,8135
7638,8218,7743
7639,8278,8277
7640,8280,8070
7641,8201,8380
7642,8198,8017
7643,8242,8157
7644,8266,8408
7645,8246,8137
7646,8300,7965
7647,8214,8297
7648,8217,8570
7649,8231,7818
7650,8246,8077
7651,8290,8169
7652,8228,8264
7653,8238,8245
7654,8248,8103
7655,8221,8397
7656,8246,8150
7657,8252,8400
7658,8270,8361
7659,8264,8218
7660,8274,7766
7661,8282,7830
7662,8256,7990
7663,8234,8132
7664,8264,7884
7665,8241,8062
7666,8284,8020
7667,8269,8131
7668,8246,8330
7669,8225,8473
7670,8225,8198
7671,8279,8121
7672,8248,8206
7673,8229,8131
7674,8283,8328
7675,8218,8246
7676,8233,8402
7677,8235,8208
7678,8278,8176
7679,8247,8244
7680,8252,7995
7681,8238,8103
7682,8226,8281
7683,8218,8000
7684,8232,8125
7685,8220,8554
7686,8287,7963
7687,8257,8388
7688,8278,7973
7689,8248,8288
7690,8300,8094
7691,8200,8176
7692,8286,8204
7693,8297,7917
7694,8230,8288
7695,8243,8013
7696,8262,8161
7697,8308,8051
7698,8233,8230
7699,8270,8094
7700,8213,7804
7701,8277,8161
7702,8271,8291
7703,8243,8290
7704,8274,8238
7705,8248,8152
7706,8217,8357
7707,8216,8160
7708,8243,7915
7709,8240,8193
7710,8216,7716
7711,8225,8053
7712,8251,8062
7713,8321,8300
7714,8257,8405
7715,8275,8465
7716,8271,8183
7717,8287,8031
7718,8312,8179
7719,8197,8552
7720,8196,8353
7721,8196,8398
7722,8283,8215
7723,8233,7927
7724,8280,8395
7725,8235,8017
7726,8237,8316
7727,8228,8208
7728,8296,7993
7729,8281,8458
7730,8229,8153
7731,8257,8364
7732,8224,8208
7733,8274,8367
7734,8243,8369
7735,8262,8428
7736,8241,7889
7737,8207,8319
7738,8225,8126
7739,8209,8385
7740,8189,7861
7741,8265,8214
7742,8253,8265
7743,8258,8258
7744,8256,8203
7745,8256,8054
7746,8258,8601
7747,8232,8184
7748,8216,8065
7749,8267,8271
7750,8221,7808
7751,8287,8062
7752,8219,8240
7753,8236,8327
7754,8180,8651
7755,8206,8454
7756,8278,8280
7757,8230,7946
7758,8204,8307
7759,8229,8239
7760,8276,7743
7761,8283,8069
7762,8187,8344
7763,8276,8415
7764,8244,8160
7765,8169,8441
7766,8212,8428
7767,8273,8228
7768,8265,8349
7769,8288,8148
7770,8231,8300
7771,8309,8305
7772,8239,8166
7773,8250,7937
7774,8228,8297
7775,8286,8229
7776,8233,8162
7777,8254,8197
7778,8203,8589
7779,8256,8035
7780,8235,8237
7781,8171,7837
7782,8270,8034
7783,8234,8405
7784,8270,8432
7785,8277,8294
7786,8251,8158
7787,8274,8075
7788,8188,7907
7789,8277,8356
7790,8277,8180
7791,8204,8058
7792,8254,8277
7793,8314,8041
7794,8171,8384
7795,8253,8261
7796,8287,8025
7797,8276,8163
7798,8257,8191
7799,8257,7864
7800,8252,8054
7801,8306,8112
7802,8277,8266
7803,8255,8406
7804,8228,8439
7805,8271,7973
7806,8213,7936
7807,8311,8032
7808,8219,8282
7809,8204,8409
7810,8226,8354
7811,8286,8310
7812,8255,7850
7813,8284,7936
7814,8310,8104
7815,8271,7891
7816,8213,8363
7817,8282,8098
7818,8172,8228
7819,8209,8018
7820,8275,8135
7821,8291,8038
7822,8227,8532
7823,8268,8222
7824,8260,8391
7825,8261,8256
7826,8259,8313
7827,8279,8406
7828,8288,8165
7829,8212,8153
7830,8290,8279
7831,8227,8112
7832,8204,8394
7833,8310,8180
7834,8289,8287
7835,8304,8252
7836,8256,7969
7837,8245,8106
7838,8217,8328
7839,8265,8397
7840,8281,8197
7841,8303,8088
7842,8273,8237
7843,8276,8046
7844,8212,7984
7845,8247,8100
7846,8279,7973
7847,8284,8032
7848,8207,8458
7849,8296,8059
7850,8269,8316
7851,8280,7734
7852,8303,7947
7853,8271,8194
7854,8275,8213
7855,8232,8316
7856,8284,8022
7857,8231,8119
7858,8265,7978
7859,8243,8097
7860,8279,8444
7861,8216,8107
7862,8258,8377
7863,8227,7902
7864,8244,8039
7865,8210,8339
7866,8239,8203
7867,8276,8266
7868,8318,8211
7869,8258,8225
7870,8249,8216
7871,8232,8037
7872,8210,8453
7873,8243,8344
7874,8277,8017
7875,8227,8243
7876,8212,7939
7877,8283,8164
7878,8237,7918
7879,8282,8551
7880,8235,8170
7881,8280,8325
7882,8212,8239
7883,8259,7901
7884,8268,8294
7885,8244,8109
7886,8258,8080
7887,8283,8037
7888,8237,7999
7889,8211,8051
7890,8250,8240
7891,8201,8264
7892,8246,8234
7893,8268,8264
7894,8284,7940
7895,8294,8364
7896,8284,8088
7897,8250,8389
7898,8234,8064
7899,8289,8183
7900,8282,8226
7901,8167,8338
7902,8189,7841
7903,8231,8271
7904,8236,8142
7905,8262,8207
7906,8272,8216
7907,8279,8121
7908,8236,8174
7909,8270,8344
7910,8240,8048
7911,8253,8182
7912,8221,8384
7913,8231,8408
7914,8266,8152
7915,8208,7982
7916,8287,8398
7917,8248,8002
7918,8216,8321
7919,8273,8102
7920,8254,8105
7921,8177,7725
7922,8221,7779
7923,8247,7934
7924,8228,8209
7925,8234,7748
7926,8256,8358
7927,8229,8102
7928,8275,8373
7929,8268,8296
7930,8262,7728
7931,8225,8245
7932,8241,8248
7933,8185,8609
7934,8280,8084
7935,8238,7798
7936,8214,7970
7937,8256,8094
7938,8277,8058
7939,8282,8020
7940,8300,8094
7941,8246,8094
7942,8284,8125
7943,8277,8326
7944,8288,7871
7945,8249,8044
7946,8305,8202
7947,8200,8447
7948,8270,8117
7949,8247,7859
7950,8245,8322
7951,8209,8313
7952,8275,8426
7953,8227,8271
7954,8288,8196
7955,8221,8337
7956,8252,8294
7957,8236,8062
7958,8234,8158
7959,8230,8213
7960,8247,8191
7961,8296,8091
7962,8227,8136
7963,8296,8211
7964,8267,8020
7965,8206,8415
7966,8265,8412
7967,8241,8400
7968,8277,8366
7969,8256,7917
7970,8236,8287
7971,8272,8412
7972,8239,8183
7973,8287,8303
7974,8230,8156
7975,8188,8647
7976,8216,7876
7977,8240,8166
7978,8227,8291
7979,8280,8113
7980,8240,8279
7981,8258,8322
7982,8228,7902
7983,8224,8243
7984,8295,8092
7985,8217,8184
7986,8274,7921
7987,8229,8395
7988,8181,8391
7989,8197,8244
7990,8275,8128
7991,8238,8273
7992,8230,8277
7993,8199,8345
7994,8295,8135
7995,8214,8069
7996,8201,7835
7997,8241,8011
7998,8241,8321
7999,8296,8135
8000,8281,8340
8001,8234,8036
8002,8259,8439
8003,8234,8209
8004,8280,7723
8005,8224,8219
8006,8274,8386
8007,8285,8316
8008,8272,8270
8009,8274,8314
8010,8304,8248
8011,8278,8589
8012,8250,8316
8013,8310,8073
8014,8236,8169
8015,8262,8263
8016,8201,8249
8017,8221,8306
8018,8299,7978
8019,8269,8300
8020,8257,8260
8021,8253,8083
8022,8208,8328
8023,8222,8013
8024,8201,7729
8025,8304,8051
8026,8218,8001
8027,8268,8427
8028,8277,8112
8029,8233,8174
8030,8203,8251
8031,8200,8209
8032,8258,8142
8033,8265,8289
8034,8270,7849
8035,8280,7846
8036,8235,7786
8037,8273,7953
8038,8256,8020
8039,8291,7804
8040,8224,8234
8041,8271,8353
8042,8237,8077
8043,8287,8061
8044,8273,8395
8045,8241,8010
8046,8265,7835
8047,8206,7890
8048,8229,8436
8049,8259,8317
8050,8314,8080
8051,8278,8254
8052,8243,8190
8053,8245,7952
8054,8264,8415
8055,8305,8184
8056,8282,8172
8057,8268,8361
8058,8290,8237
8059,8250,8217
8060,8227,8472
8061,8186,8535
8062,8254,8532
8063,8274,8385
8064,8260,8237
8065,8244,7927
8066,8252,8169
8067,8215,8110
8068,8240,8117
8069,8281,8133
8070,8276,8249
8071,8230,8175
8072,8288,8143
8073,8234,8043
8074,8245,8325
8075,8162,8158
8076,8203,8080
8077,8225,8200
8078,8288,8253
8079,8271,8333
8080,8268,8228
8081,8247,8408
8082,8250,8300
8083,8237,8391
8084,8254,8190
8085,8238,8066
8086,8242,8141
8087,8235,8095
8088,8178,8515
8089,8195,8311
8090,8219,8292
8091,8180,8370
8092,8286,8100
8093,8265,7928
8094,8250,8151
8095,8263,7758
8096,8220,8163
8097,8246,7938
8098,8280,8192
8099,8231,7972
8100,8235,8120
8101,8267,8260
8102,8207,8384
8103,8222,8498
8104,8236,8222
8105,8273,8198
8106,8255,8055
8107,8258,7865
8108,8230,8414
8109,8306,8215
8110,8198,8105
8111,8241,8100
8112,8185,8147
8113,8265,7813
8114,8223,8155
8115,8239,8214
8116,8269,8001
8117,8234,7997
8118,8191,8424
8119,8234,8513
8120,8275,7856
8121,8241,8259
8122,8283,8369
8123,8258,7968
8124,8209,8086
8125,8266,7926
8126,8295,8161
8127,8252,8293
8128,8239,8181
8129,8176,8519
8130,8217,8043
8131,8276,7986
8132,8293,8200
8133,8300,8250
8134,8267,8353
8135,8238,7970
8136,8208,8467
8137,8235,8078
8138,8233,8306
8139,8271,8408
8140,8258,8202
8141,8225,8213
8142,8195,8093
8143,8265,8489
8144,8251,8143
8145,8270,8363
8146,8274,8093
8147,8257,8065
8148,8278,8245
8149,8287,7827
8150,8286,8258
8151,8261,8062
8152,8234,8069
8153,8223,8268
8154,8225,8224
8155,8286,7997
8156,8253,8146
8157,8256,8285
8158,8286,8521
8159,8272,8030
8160,8276,8330
8161,8283,8061
8162,8286,8169
8163,8283,7932
8164,8224,8067
8165,8276,7990
8166,8322,8125
8167,8256,7830
8168,8272,8227
8169,8273,8239
8170,8282,8049
8171,8301,7912
8172,8283,8175
8173,8284,7906
8174,8232,8289
8175,8263,7968
8176,8246,8373
8177,8233,7802
8178,8177,8354
8179,8271,8219
8180,8284,8107
8181,8278,8163
8182,8256,8033
8183,8203,7731
8184,8241,8349
8185,8283,8243
8186,8212,8102
8187,8268,8291
8188,8294,8129
8189,8280,8414
8190,8287,8097
8191,8231,8411
