# DigitalOscilloscope capture
# format_version=2
# fs_hz=80000000.0
# n_bits=14
# timestamp=2026-08-24T00:35:46+00:00
# capture_name=freq_2vpp_1to100_70MHz_05.csv
# decim_factor=1
# requested_decim_factor=1
# capture_depth=8192
# pretrigger_samples=0
# actual_seconds_per_div=1.024e-05
# requested_seconds_per_div=custom
# ui_mode=advanced
# voltage_display_mode=raw_adc_codes
# trigger_mode=off
# trigger_source=1
# trigger_level_pct=50.0000
# adc_format=Offset Binary
# calibration_schema_version=3
# frame_sequence=6020
# firmware_status_timestamp=2026-08-24T00:35:46+00:00
# software_git_commit=8df6a59
# software_git_dirty=true
# firmware_depth=8192
# firmware_pretrigger=0
# firmware_decim=1
# firmware_trigger=off
# firmware_mock=0
# firmware_fpga_status=0x03
# firmware_ready=1
# firmware_overflow=1
# firmware_prehistory=0
# firmware_armed=0
# firmware_ctrl=0x0011
# firmware_sample_cfg=0x000D
# firmware_afe_ch1_gain_pct=55.50
# firmware_afe_ch1_offset_pct=50.00
# firmware_afe_ch1_atten=1:100
# firmware_afe_ch1_coupling=dc
# firmware_afe_ch1_range_vpp=2
# firmware_afe_ch2_gain_pct=55.50
# firmware_afe_ch2_offset_pct=50.00
# firmware_afe_ch2_atten=1:100
# firmware_afe_ch2_coupling=dc
# firmware_afe_ch2_range_vpp=2
# firmware_afe_trigger_source=1
# firmware_afe_trigger_level_pct=50.00
# firmware_afe_trigger_level_mv=1500
# firmware_ch1_to_adc2=0
# fpga_build=0x89
# fpga_version=0x08
# channel_enabled_ch1=true
# attenuation_ch1=1:100
# coupling_ch1=dc
# gain_pct_ch1=55.5000
# afe_offset_pct_ch1=50.0000
# calibration_profile_ch1=ch1_1to100_2vpp
# normal_requested_volts_per_div_ch1=0.02
# calibration_volts_per_code_ch1=0.000501142154279
# calibrated_volts_per_div_ch1=1.02633913196
# displayed_volts_per_div_ch1=raw_adc_codes
# channel_enabled_ch2=true
# attenuation_ch2=1:100
# coupling_ch2=dc
# gain_pct_ch2=55.5000
# afe_offset_pct_ch2=50.0000
# calibration_profile_ch2=ch2_1to100_2vpp
# normal_requested_volts_per_div_ch2=5
# calibration_volts_per_code_ch2=0.000502339082403
# calibrated_volts_per_div_ch2=1.02879044076
# displayed_volts_per_div_ch2=raw_adc_codes
# measurement_type=frequency
# series_id=freq_2vpp_1to100_70MHz
# input_condition=generator_splitter
# generator_model=Hantek HDG6202
# generator_waveform=sine
# generator_frequency_hz=70000000
# generator_amplitude_vpk=2.8
# generator_offset_v=0.001
# generator_load=50_ohm
# sense_configuration_confirmed=true
# sense_ch1_vpp=2
# sense_ch2_vpp=2
# series_total=10
# repetition_index=5
# invalid_frames_before_capture=0
index,ch1_raw,ch2_raw
0,9089,7433
1,8598,7709
2,7662,8199
3,7192,8406
4,7312,8172
5,7571,7950
6,8617,7509
7,9533,7195
8,9171,7350
9,9012,8023
10,7804,8239
11,6908,8291
12,7285,8236
13,8067,7838
14,8822,7529
15,9252,7175
16,9255,7303
17,8808,7893
18,8036,8115
19,6908,8473
20,7418,8142
21,7785,7783
22,8630,7655
23,9322,7284
24,9319,7401
25,8707,7783
26,8137,8304
27,6909,8134
28,7410,8234
29,7732,7727
30,8580,7700
31,9307,7273
32,9412,7214
33,8939,8095
34,7302,7989
35,7175,8397
36,7013,8124
37,8096,8104
38,8506,7512
39,9293,7399
40,9006,7321
41,8777,7830
42,8053,8336
43,6851,8206
44,7479,7997
45,7920,8020
46,8495,7320
47,9468,7503
48,9325,7182
49,8489,7903
50,8052,8238
51,6917,8263
52,7008,8186
53,8241,7864
54,8380,7349
55,9429,7398
56,9096,7173
57,8780,7812
58,7887,8297
59,7109,8267
60,7225,8105
61,8043,8020
62,8453,7339
63,9468,7350
64,9360,7338
65,8763,7845
66,8064,8316
67,6687,8110
68,7340,8182
69,8266,7804
70,8773,7488
71,9128,7223
72,9125,7346
73,9029,8016
74,7513,8256
75,6982,8128
76,7061,8191
77,8169,7962
78,8699,7551
79,9389,7372
80,9401,7190
81,8430,8226
82,8175,8409
83,6747,8161
84,7622,8179
85,7645,7701
86,8751,7340
87,9292,7277
88,9600,7505
89,8914,8087
90,7562,8312
91,7097,8284
92,7200,8308
93,8134,7769
94,8562,7469
95,9638,7521
96,9070,7184
97,9209,7835
98,7467,8452
99,6968,8299
100,7572,8254
101,7765,7882
102,8708,7370
103,9688,7528
104,8984,7313
105,8729,7928
106,7894,8192
107,7179,8395
108,7082,8320
109,8061,8044
110,8796,7447
111,9343,7310
112,8966,7229
113,8848,7859
114,7298,8002
115,7442,8503
116,7231,8099
117,7928,7978
118,8647,7398
119,9610,7432
120,9022,7404
121,8809,7895
122,7973,8318
123,6860,8210
124,7091,8232
125,7770,7688
126,9018,7508
127,9344,7283
128,9194,7245
129,8287,7913
130,8130,8277
131,7034,8527
132,7221,8218
133,7821,7870
134,8572,7387
135,9609,7495
136,8827,7190
137,8832,7957
138,7967,8106
139,7069,8558
140,7421,8081
141,7782,8039
142,8763,7296
143,9198,7297
144,9616,7487
145,8774,7756
146,7918,8261
147,6776,8318
148,7255,8289
149,7972,7957
150,9073,7510
151,9110,7232
152,9254,7410
153,8977,8000
154,7833,8088
155,6693,8532
156,7418,8204
157,7889,7820
158,8713,7547
159,9318,7272
160,9560,7545
161,8332,7808
162,7723,8121
163,7349,8400
164,7149,8286
165,7905,7761
166,9081,7623
167,8985,7255
168,9650,7624
169,8736,7686
170,7728,8262
171,6951,8261
172,7526,8231
173,7882,7733
174,8670,7357
175,9174,7150
176,9528,7357
177,8568,7950
178,7749,8312
179,7167,8286
180,7486,8226
181,7985,8030
182,8455,7264
183,9292,7177
184,9223,7223
185,8950,7875
186,7341,8203
187,7428,8392
188,7036,8155
189,8049,7914
190,8583,7654
191,9409,7285
192,9139,7281
193,8360,8068
194,7979,8409
195,7174,8302
196,7214,8385
197,7924,7766
198,8599,7372
199,9215,7406
200,9396,7467
201,8640,8035
202,7742,8118
203,7346,8342
204,7144,8287
205,8049,8023
206,8614,7377
207,9146,7324
208,9413,7420
209,8482,7724
210,7723,8280
211,7332,8265
212,7095,8198
213,8149,8001
214,8647,7587
215,9193,7285
216,9481,7424
217,8569,8010
218,8014,8276
219,7270,8418
220,7273,8254
221,7845,7881
222,8527,7352
223,9646,7377
224,9035,7289
225,8784,7993
226,7957,8186
227,6978,8420
228,7215,8108
229,7912,7838
230,8861,7565
231,9471,7385
232,9485,7430
233,8216,7954
234,7851,8295
235,7066,8277
236,7458,8230
237,7955,7847
238,8338,7319
239,9462,7300
240,9255,7333
241,8666,8023
242,7602,8124
243,7393,8468
244,7328,8182
245,7909,7859
246,8439,7539
247,9451,7247
248,9417,7411
249,8501,7682
250,7809,8437
251,6836,8231
252,7630,8111
253,7700,7759
254,8689,7541
255,9082,7057
256,9508,7531
257,8439,7889
258,7845,8375
259,7069,8138
260,7378,8231
261,8002,7909
262,8393,7283
263,9390,7323
264,9307,7361
265,8705,7838
266,7447,8072
267,7132,8407
268,7372,8182
269,7998,7983
270,8790,7586
271,9197,7394
272,9390,7288
273,8498,7813
274,7879,8250
275,7049,8261
276,7328,8188
277,7620,7946
278,8741,7382
279,9613,7392
280,9349,7318
281,8609,7876
282,7604,8378
283,6713,8168
284,7447,8327
285,7786,7882
286,8771,7515
287,9255,7314
288,9380,7351
289,8885,7850
290,7652,8166
291,6893,8358
292,7207,8223
293,7717,7784
294,8704,7414
295,9544,7366
296,9266,7626
297,8571,7733
298,7867,8229
299,7092,8215
300,7517,8223
301,7845,7902
302,8951,7561
303,9195,7276
304,9266,7240
305,8405,8017
306,8021,8254
307,6977,8427
308,7275,8152
309,7718,7784
310,8695,7305
311,9536,7332
312,9298,7200
313,8363,7957
314,7686,8231
315,6815,8160
316,7500,8250
317,8028,7869
318,8686,7298
319,9190,7399
320,9289,7404
321,9004,7957
322,7428,8190
323,7516,8363
324,6944,8061
325,8024,8130
326,8500,7518
327,9291,7370
328,9606,7487
329,8609,7744
330,7891,8263
331,7063,8229
332,7333,8175
333,7718,7859
334,8786,7330
335,9220,7272
336,9773,7514
337,8539,7824
338,7918,8352
339,6696,8208
340,7466,8137
341,7751,7819
342,8658,7603
343,9477,7271
344,9106,7326
345,8460,7733
346,7905,8383
347,7093,8245
348,7489,8183
349,7700,7798
350,8704,7396
351,9201,7155
352,9621,7538
353,8783,7829
354,7955,8370
355,6718,8096
356,7090,8205
357,8290,8099
358,8566,7378
359,9264,7288
360,9563,7287
361,8407,8069
362,7716,8203
363,7310,8599
364,7154,8151
365,7920,7924
366,8645,7525
367,9228,7375
368,8898,7307
369,8783,8033
370,8115,8339
371,7033,8177
372,7135,8105
373,7992,7899
374,8663,7433
375,9413,7413
376,9557,7283
377,8730,8033
378,7603,8105
379,7001,8208
380,7080,8115
381,7990,8009
382,8620,7325
383,9311,7349
384,9451,7468
385,8478,7823
386,7674,8474
387,6968,8135
388,7239,8325
389,8123,7931
390,8329,7412
391,9489,7282
392,9331,7375
393,8782,8150
394,7559,8095
395,7505,8371
396,7085,8037
397,8002,7714
398,8800,7477
399,9214,7382
400,9601,7536
401,8827,7750
402,7589,8155
403,6902,8179
404,7452,8245
405,8067,7923
406,8416,7516
407,9395,7247
408,9451,7480
409,8545,7911
410,7636,8035
411,7194,8448
412,7208,8141
413,7973,8024
414,8492,7413
415,9366,7298
416,9213,7382
417,8299,7791
418,7963,8385
419,6966,8267
420,7621,8218
421,7999,7893
422,8709,7769
423,9271,7269
424,9329,7288
425,8452,7867
426,7922,8216
427,7334,8460
428,6965,8112
429,8087,7877
430,8790,7502
431,9210,7404
432,9252,7372
433,8483,8134
434,8219,8271
435,7125,8269
436,7538,8117
437,7882,7928
438,8484,7392
439,9337,7319
440,9612,7205
441,8810,7814
442,7540,8460
443,6745,8230
444,7307,8124
445,8285,8049
446,8515,7365
447,9453,7331
448,9377,7326
449,8904,7801
450,7755,8359
451,7071,8125
452,6996,8128
453,7909,7947
454,8639,7411
455,9373,7236
456,9477,7456
457,9095,8014
458,7468,8146
459,6942,8333
460,7506,8168
461,7811,7694
462,8382,7461
463,9422,7310
464,9340,7515
465,8624,7888
466,8040,8403
467,6778,8126
468,7514,8253
469,7829,7929
470,8873,7477
471,9164,7090
472,9226,7410
473,8815,8046
474,7685,8079
475,7290,8346
476,7001,8096
477,8092,7910
478,8563,7298
479,9325,7361
480,9472,7503
481,8463,7736
482,8032,8227
483,7007,8251
484,7250,8189
485,7810,8027
486,8763,7307
487,9151,7271
488,9372,7402
489,8964,7961
490,7901,8422
491,6570,8118
492,7299,8263
493,7979,7834
494,8740,7418
495,9041,7241
496,9646,7413
497,8437,8216
498,7730,8270
499,7059,8363
500,7351,8055
501,8074,8011
502,8810,7641
503,9388,7282
504,9369,7660
505,8907,7881
506,8012,8186
507,6669,8231
508,7387,8258
509,7689,7702
510,8876,7761
511,9013,7255
512,9256,7457
513,8500,7721
514,8152,8240
515,6964,8372
516,7182,8177
517,8198,8085
518,8594,7502
519,9339,7273
520,9331,7316
521,8648,8150
522,7688,8301
523,7047,8351
524,7270,8082
525,7984,7935
526,8574,7447
527,9214,7350
528,9188,7252
529,9085,8027
530,7762,8368
531,7203,8304
532,7206,7999
533,7951,7926
534,8403,7266
535,9553,7411
536,9013,7400
537,8654,7774
538,7858,8385
539,7067,8239
540,7345,7974
541,8119,7972
542,8424,7310
543,9258,7247
544,9562,7390
545,9056,7882
546,7841,8162
547,6778,8274
548,7325,8167
549,7894,7913
550,8983,7547
551,9052,7257
552,9470,7399
553,8527,7790
554,8233,8271
555,6871,8217
556,7198,8186
557,7825,7661
558,8649,7446
559,9071,7204
560,9455,7314
561,8929,7745
562,7672,8422
563,7145,8346
564,7160,8127
565,7855,7881
566,8728,7541
567,9198,7242
568,9448,7344
569,8748,7783
570,8155,8412
571,6667,8174
572,7479,8111
573,7722,7837
574,8918,7580
575,9265,7202
576,9690,7419
577,8694,8127
578,7915,8116
579,6854,8279
580,7430,8206
581,7741,7792
582,8933,7549
583,9423,7369
584,9227,7364
585,8439,7855
586,7721,8106
587,7488,8358
588,7371,8288
589,7860,7897
590,8601,7356
591,9547,7421
592,9291,7369
593,8389,7721
594,7939,8270
595,7208,8494
596,7192,8207
597,7858,8001
598,8447,7307
599,9243,7263
600,9275,7279
601,8471,7979
602,8063,8319
603,7076,8461
604,7302,8249
605,7968,7853
606,8453,7342
607,9200,7317
608,9400,7236
609,8215,7924
610,7736,8285
611,7097,8377
612,7359,8276
613,8122,7973
614,8535,7298
615,9374,7446
616,9157,7172
617,9034,7787
618,7673,8088
619,6970,8343
620,7225,8199
621,7863,7892
622,8265,7571
623,9590,7489
624,9700,7517
625,8650,7978
626,7933,8106
627,7136,8359
628,7088,8206
629,7925,7650
630,8646,7523
631,9210,7217
632,9660,7470
633,8414,7852
634,7883,8201
635,7272,8444
636,7318,8202
637,8018,7918
638,8710,7462
639,9295,7261
640,9115,7266
641,8579,8062
642,7737,8043
643,7339,8473
644,6950,8093
645,8020,8075
646,8559,7499
647,9423,7306
648,9382,7365
649,8335,7759
650,7745,8358
651,7314,8363
652,7121,8236
653,7872,7840
654,8672,7291
655,9411,7312
656,9480,7301
657,8573,7867
658,7898,8223
659,6992,8646
660,7314,8119
661,7858,7908
662,8772,7441
663,9577,7506
664,9127,7233
665,8781,7872
666,7822,8204
667,6908,8125
668,7276,8208
669,7903,7993
670,8476,7466
671,9387,7389
672,9234,7186
673,9260,8065
674,7278,7966
675,7485,8482
676,7153,8257
677,7738,8057
678,8709,7273
679,9227,7345
680,9405,7383
681,9029,7696
682,7864,8298
683,7108,8557
684,7001,8146
685,8036,7939
686,8901,7537
687,9000,7148
688,9350,7405
689,8653,7856
690,8141,8241
691,6805,8406
692,7274,8329
693,7978,7905
694,8494,7403
695,9312,7286
696,9498,7207
697,8857,7843
698,7303,8188
699,7156,8380
700,7497,8299
701,7990,7925
702,8705,7397
703,9439,7398
704,9342,7399
705,8369,7704
706,7868,8166
707,6949,8326
708,7080,8120
709,8036,7945
710,8747,7343
711,9209,7214
712,9414,7642
713,8493,7614
714,7873,8325
715,6863,8094
716,7336,8281
717,8010,7779
718,8684,7537
719,9184,7372
720,9492,7262
721,8768,7975
722,7399,8034
723,7253,8388
724,7379,8258
725,7920,8031
726,8829,7345
727,9243,7344
728,9357,7447
729,8784,7819
730,7728,8086
731,7177,8467
732,7110,8091
733,7804,7914
734,8428,7506
735,9497,7302
736,9362,7428
737,8505,7783
738,7828,8419
739,7121,8276
740,7058,8132
741,8011,8026
742,8645,7342
743,9414,7346
744,9294,7438
745,8901,7704
746,7562,8480
747,6921,8216
748,7221,8097
749,7832,7799
750,8570,7386
751,9121,7294
752,9355,7492
753,8968,7797
754,8114,8364
755,6993,8123
756,7337,8124
757,7557,8006
758,8422,7505
759,9409,7197
760,9438,7264
761,9230,8054
762,7467,8092
763,6842,8175
764,7397,8088
765,7912,8072
766,8798,7370
767,9296,7316
768,9445,7307
769,8817,7954
770,7805,8160
771,6956,8320
772,7489,8083
773,7911,7916
774,8433,7483
775,9434,7262
776,9284,7358
777,7999,7738
778,8218,8390
779,6965,8236
780,7519,8110
781,7853,7753
782,8423,7498
783,9221,7181
784,9445,7480
785,8916,7735
786,8183,8543
787,6703,8140
788,7365,8216
789,7803,7779
790,8661,7544
791,9485,7166
792,9583,7408
793,8433,8014
794,7681,7978
795,7422,8412
796,7284,8149
797,7856,7985
798,8296,7225
799,9592,7306
800,9066,7365
801,8480,7901
802,8179,8239
803,6898,8108
804,7168,8121
805,8046,7864
806,8646,7554
807,9338,7282
808,9408,7242
809,8532,8084
810,7651,8073
811,6856,8213
812,7315,8205
813,8111,7878
814,8472,7389
815,9462,7384
816,9214,7373
817,8500,7895
818,8146,8224
819,6881,8437
820,7489,8091
821,7895,7950
822,8689,7555
823,9443,7280
824,9013,7079
825,9075,8023
826,7733,8150
827,7064,8170
828,7258,8279
829,7694,7755
830,8786,7662
831,9334,7238
832,9456,7362
833,8425,7859
834,7763,8154
835,6818,8256
836,7469,8224
837,7606,7806
838,8714,7543
839,9207,7278
840,9420,7401
841,8060,7677
842,8001,8274
843,7350,8471
844,7293,8287
845,7940,8006
846,8786,7522
847,9396,7373
848,9161,7138
849,8572,8037
850,8156,8285
851,6731,8512
852,7298,8113
853,7823,7960
854,8411,7622
855,9336,7224
856,9317,7283
857,8745,7694
858,7776,8380
859,7018,8257
860,7599,8302
861,7811,7700
862,8424,7480
863,9125,7239
864,9239,7350
865,8449,7665
866,8174,8338
867,7182,8290
868,7336,8279
869,7697,7975
870,8941,7485
871,9155,7308
872,9124,7212
873,8610,7807
874,8031,8118
875,7432,8315
876,7069,8214
877,7838,7864
878,8552,7227
879,9531,7428
880,9573,7409
881,8347,7812
882,8149,8161
883,7077,8583
884,7038,7995
885,7941,7983
886,8772,7660
887,9317,7100
888,9457,7513
889,8353,7726
890,7945,8321
891,7061,8321
892,7295,8294
893,7866,7964
894,8627,7452
895,9098,7192
896,9208,7204
897,8838,7900
898,7947,8221
899,7002,8307
900,7063,8270
901,7668,7851
902,8897,7495
903,9304,7452
904,9306,7322
905,8926,8010
906,8003,7982
907,7144,8497
908,6909,8258
909,8079,7884
910,8595,7502
911,9281,7300
912,9314,7305
913,8460,7890
914,8164,8122
915,6930,8422
916,7353,8182
917,7663,7875
918,8596,7335
919,9355,7329
920,9447,7475
921,8668,7722
922,8112,8182
923,6712,8180
924,7371,8082
925,7596,7930
926,8728,7632
927,9438,7155
928,9538,7495
929,8598,7899
930,7736,8106
931,7106,8317
932,7290,8074
933,7985,8059
934,8334,7364
935,9456,7337
936,9205,7411
937,8294,7666
938,8154,8321
939,7215,8367
940,7136,8233
941,8151,7994
942,8551,7575
943,9242,7418
944,9375,7317
945,9046,8021
946,7529,7972
947,7510,8418
948,7051,8242
949,8075,7733
950,8527,7469
951,9357,7313
952,9328,7326
953,8752,7920
954,7852,8117
955,7247,8327
956,7276,8223
957,7824,8002
958,8849,7330
959,9337,7220
960,9135,7529
961,8845,7752
962,7840,8124
963,7229,8208
964,7108,8170
965,7951,7913
966,8377,7567
967,9181,7194
968,9428,7480
969,8854,7649
970,7882,8509
971,7104,8272
972,7394,8254
973,7584,7754
974,8677,7400
975,9138,7202
976,9241,7330
977,8622,7708
978,8068,8268
979,6988,8221
980,7381,8393
981,7976,7816
982,8701,7562
983,9049,7233
984,9435,7340
985,8854,7847
986,8249,8285
987,6850,8531
988,7330,8409
989,7873,7767
990,8491,7517
991,9198,7315
992,9564,7313
993,8380,8037
994,7867,8282
995,7372,8388
996,7228,8243
997,7883,7848
998,8944,7434
999,9341,7298
1000,9340,7296
1001,8510,8075
1002,8006,8152
1003,7069,8414
1004,7174,8151
1005,7875,7904
1006,8671,7443
1007,9352,7337
1008,9210,7297
1009,9154,7681
1010,7707,8482
1011,6997,8226
1012,7447,8269
1013,7927,7891
1014,8606,7387
1015,9143,7287
1016,9699,7332
1017,8804,7775
1018,7882,8191
1019,7184,8405
1020,7210,8187
1021,7782,8027
1022,8411,7471
1023,9370,7180
1024,9588,7539
1025,8578,7765
1026,7902,8312
1027,6793,8161
1028,7352,8191
1029,7669,7719
1030,8714,7467
1031,8963,7138
1032,9504,7320
1033,9002,7827
1034,7938,8316
1035,7112,8224
1036,7301,8336
1037,7777,7995
1038,8585,7400
1039,9257,7369
1040,9412,7261
1041,8699,7698
1042,8157,8325
1043,7200,8434
1044,7140,8216
1045,7961,8012
1046,8732,7291
1047,9245,7387
1048,9451,7332
1049,8379,7888
1050,7818,8160
1051,7558,8477
1052,7393,8191
1053,7919,8062
1054,8143,7515
1055,9374,7217
1056,9162,7450
1057,8605,7736
1058,8322,8395
1059,6897,8142
1060,7108,8165
1061,8009,7691
1062,8422,7440
1063,9348,7324
1064,9416,7554
1065,9257,7833
1066,7596,8371
1067,6999,8239
1068,7265,8318
1069,8029,8004
1070,8484,7458
1071,9281,7332
1072,9274,7345
1073,9250,7726
1074,7774,8195
1075,7101,8215
1076,7173,8277
1077,7939,8090
1078,8762,7464
1079,9171,7248
1080,9453,7154
1081,9223,7782
1082,7780,8308
1083,7032,8334
1084,7294,7997
1085,7887,8070
1086,8650,7724
1087,9007,7049
1088,9273,7276
1089,9091,7891
1090,8061,8278
1091,6925,8237
1092,7230,8159
1093,7802,7975
1094,8733,7440
1095,9126,7287
1096,9562,7245
1097,8548,7878
1098,7964,8389
1099,6964,8204
1100,7145,8175
1101,7950,8025
1102,8785,7390
1103,9099,7391
1104,9496,7214
1105,8785,7795
1106,8083,8309
1107,6803,8297
1108,7403,8398
1109,7635,7939
1110,8582,7260
1111,9302,7397
1112,9160,7213
1113,8740,7769
1114,7744,8292
1115,7292,8243
1116,7195,8049
1117,8285,8063
1118,8396,7510
1119,9346,7357
1120,9255,7300
1121,9033,7874
1122,8100,8160
1123,7259,8441
1124,6850,8085
1125,7798,7859
1126,8293,7538
1127,9356,7382
1128,9284,7394
1129,9334,7891
1130,7626,8442
1131,7121,8333
1132,7110,8194
1133,7716,7899
1134,8653,7347
1135,9548,7358
1136,9279,7379
1137,9301,7603
1138,7496,8410
1139,7146,8515
1140,7163,8207
1141,8179,7986
1142,8494,7624
1143,9299,7408
1144,8755,7251
1145,8831,7673
1146,8430,8185
1147,7244,8445
1148,7051,8144
1149,7910,8113
1150,8429,7456
1151,9437,7459
1152,9099,7517
1153,8535,7666
1154,8185,8211
1155,7203,8433
1156,7166,8163
1157,8062,7970
1158,8294,7488
1159,9448,7220
1160,9227,7261
1161,8635,8017
1162,7817,8337
1163,7011,8259
1164,7255,8237
1165,7826,7858
1166,8613,7633
1167,9185,7296
1168,9209,7212
1169,8648,7693
1170,8317,8270
1171,6948,8434
1172,6967,8300
1173,7613,7830
1174,8760,7448
1175,9322,7359
1176,9613,7436
1177,8359,8129
1178,8143,8111
1179,7255,8382
1180,7244,8181
1181,7700,8001
1182,8314,7511
1183,9410,7493
1184,9477,7335
1185,8908,7611
1186,7541,8234
1187,7119,8181
1188,7487,8363
1189,7677,7881
1190,8383,7572
1191,9228,7398
1192,9663,7428
1193,8956,8062
1194,7650,7946
1195,7373,8330
1196,7258,8186
1197,7864,7840
1198,8620,7751
1199,9735,7469
1200,9033,7148
1201,9149,7758
1202,7928,8376
1203,6743,8089
1204,7346,8240
1205,7783,7970
1206,8579,7633
1207,9213,7115
1208,9402,7396
1209,9114,7703
1210,7205,7983
1211,7268,8311
1212,7234,8274
1213,7971,7999
1214,8552,7283
1215,9234,7182
1216,9490,7520
1217,8532,7821
1218,7854,8104
1219,7357,8378
1220,7378,8164
1221,7992,7862
1222,8533,7604
1223,9383,7376
1224,9193,7406
1225,9291,7777
1226,7828,8378
1227,6765,8132
1228,7363,8102
1229,7353,7841
1230,8648,7479
1231,9199,7093
1232,9272,7382
1233,8992,7724
1234,7874,8265
1235,7174,8204
1236,7299,8193
1237,7768,8070
1238,8777,7366
1239,8833,7032
1240,9612,7297
1241,8776,7883
1242,7885,8135
1243,7289,8654
1244,6880,8105
1245,7816,7954
1246,8455,7200
1247,9817,7377
1248,9465,7281
1249,8829,7742
1250,7429,8269
1251,6916,8260
1252,7198,8178
1253,8227,8152
1254,8372,7336
1255,9357,7307
1256,9108,7232
1257,8385,7811
1258,8340,8371
1259,7117,8305
1260,7205,8083
1261,7758,8026
1262,8508,7277
1263,9309,7265
1264,9358,7306
1265,9094,7712
1266,8141,8534
1267,6833,8276
1268,7399,7973
1269,7814,8043
1270,8509,7566
1271,9043,7234
1272,9701,7441
1273,8942,7883
1274,7800,8221
1275,6888,8242
1276,7223,8315
1277,7826,7858
1278,8393,7467
1279,9450,7304
1280,9559,7223
1281,8780,7726
1282,8224,8195
1283,6995,8530
1284,6935,8164
1285,7601,7885
1286,8807,7683
1287,9142,7328
1288,9180,7202
1289,9414,7903
1290,7972,8480
1291,6945,8264
1292,6967,8034
1293,7917,7830
1294,8607,7478
1295,9465,7488
1296,9037,7154
1297,9114,7789
1298,8177,8227
1299,6925,8344
1300,7263,8177
1301,7714,7900
1302,8684,7640
1303,9230,7087
1304,9684,7321
1305,8725,8163
1306,8130,8376
1307,6668,8260
1308,7070,8121
1309,7924,8009
1310,8464,7392
1311,9402,7397
1312,9050,7316
1313,8737,7589
1314,8161,8330
1315,7046,8203
1316,7082,8169
1317,7691,7933
1318,8480,7401
1319,9069,7265
1320,9204,7181
1321,8538,7895
1322,8026,8403
1323,7279,8255
1324,7158,8183
1325,7729,8070
1326,8811,7435
1327,9387,7295
1328,9117,7154
1329,9111,7657
1330,7898,8381
1331,7146,8099
1332,6945,8167
1333,7931,8029
1334,8760,7574
1335,9092,7174
1336,9153,7212
1337,8658,7786
1338,8269,8266
1339,7191,8169
1340,7281,8199
1341,7373,7796
1342,8583,7700
1343,9484,7337
1344,9342,7277
1345,8994,7870
1346,7689,7885
1347,7282,8314
1348,7022,8159
1349,8046,7926
1350,8858,7582
1351,9218,7352
1352,9428,7295
1353,8663,7893
1354,8076,8214
1355,6956,8211
1356,7322,8108
1357,7589,7805
1358,8810,7619
1359,9264,7391
1360,9048,7463
1361,8661,7772
1362,8265,8246
1363,7089,8284
1364,7301,8339
1365,8100,8017
1366,8406,7410
1367,9142,7381
1368,9211,7312
1369,8810,7680
1370,7908,8402
1371,6810,8400
1372,7510,8256
1373,7663,7941
1374,8494,7644
1375,9137,7396
1376,9423,7395
1377,9038,7789
1378,7614,8108
1379,7148,8308
1380,7218,8239
1381,7760,8137
1382,8611,7746
1383,9338,7243
1384,9516,7443
1385,8587,7764
1386,8181,8054
1387,7026,8382
1388,6629,8158
1389,8255,7956
1390,8243,7408
1391,9139,7348
1392,9801,7493
1393,8333,7819
1394,8057,8108
1395,7012,8167
1396,7247,8204
1397,7569,7829
1398,8670,7461
1399,9258,7308
1400,9590,7411
1401,8541,7938
1402,7948,8166
1403,7332,8449
1404,7153,8080
1405,7696,7895
1406,8822,7668
1407,9186,7256
1408,9240,7546
1409,8325,7587
1410,8432,8426
1411,7252,8348
1412,7083,8246
1413,7513,7784
1414,8823,7444
1415,8767,7238
1416,9494,7361
1417,8795,7601
1418,7947,8082
1419,7432,8377
1420,6911,8101
1421,7765,7858
1422,8595,7467
1423,9444,7357
1424,9100,7394
1425,8428,7785
1426,8474,8298
1427,7095,8270
1428,6876,8073
1429,7780,7863
1430,8442,7502
1431,9382,7366
1432,9592,7292
1433,9067,7595
1434,7847,8478
1435,6709,8240
1436,7185,8159
1437,7615,8001
1438,8739,7386
1439,9037,7318
1440,9366,7207
1441,8749,7618
1442,8210,8342
1443,6843,8061
1444,7418,8404
1445,7725,7845
1446,8802,7385
1447,9120,7401
1448,9461,7400
1449,9354,7715
1450,7844,8315
1451,6929,8108
1452,7133,8116
1453,7816,7984
1454,8684,7723
1455,9315,7414
1456,9436,7418
1457,9277,7713
1458,7756,8198
1459,6693,8207
1460,7131,8221
1461,8027,7976
1462,8602,7318
1463,9004,7200
1464,9200,7463
1465,9148,7685
1466,8073,8131
1467,7177,8338
1468,7152,8144
1469,7511,7834
1470,9037,7725
1471,9153,7189
1472,9411,7445
1473,8533,7768
1474,7934,8254
1475,7226,8291
1476,6986,8177
1477,7691,7794
1478,8598,7634
1479,9306,7205
1480,9247,7317
1481,8815,7733
1482,7742,8285
1483,7040,8157
1484,7378,8297
1485,7922,7824
1486,8479,7691
1487,9046,7362
1488,9306,7266
1489,8703,7914
1490,7973,8146
1491,7240,8377
1492,7182,8120
1493,7910,7939
1494,8409,7387
1495,9247,7422
1496,9331,7513
1497,8380,7884
1498,7898,8164
1499,6827,8123
1500,7673,8370
1501,7718,7922
1502,8407,7330
1503,9040,7187
1504,9594,7340
1505,9050,7666
1506,7815,8010
1507,6858,8414
1508,7035,8244
1509,7882,7903
1510,8583,7529
1511,9360,7389
1512,9235,7246
1513,8731,7848
1514,8197,8266
1515,7145,8586
1516,6881,8111
1517,8132,7947
1518,8451,7575
1519,9179,7429
1520,9154,7254
1521,8962,7908
1522,8323,8403
1523,6848,8201
1524,7293,8255
1525,7653,7792
1526,8558,7374
1527,9094,7237
1528,9601,7345
1529,8645,7919
1530,8394,8280
1531,6779,8264
1532,7137,8225
1533,7675,7856
1534,8605,7713
1535,9416,7402
1536,9146,7301
1537,9336,7879
1538,7786,8276
1539,7277,8310
1540,7103,8126
1541,7821,7939
1542,8502,7633
1543,9570,7468
1544,8944,7077
1545,9242,7680
1546,8053,8233
1547,6729,8119
1548,7370,8268
1549,7774,7956
1550,8826,7716
1551,8934,7112
1552,9462,7323
1553,8942,8146
1554,7216,8155
1555,7444,8349
1556,7100,8101
1557,7771,8052
1558,8582,7497
1559,9093,7298
1560,9537,7366
1561,8546,7465
1562,7972,8230
1563,7200,8238
1564,6992,8227
1565,7681,8029
1566,8793,7555
1567,9280,7223
1568,9471,7350
1569,9094,7915
1570,7919,8170
1571,7177,8335
1572,7131,8218
1573,7902,7727
1574,8618,7705
1575,9218,7545
1576,9412,7319
1577,8754,7754
1578,8059,8124
1579,7230,8466
1580,6871,8088
1581,7857,7976
1582,8391,7459
1583,9323,7256
1584,9659,7449
1585,8490,7831
1586,8144,8265
1587,6888,8163
1588,7083,8114
1589,7885,7876
1590,8613,7643
1591,9334,7414
1592,9458,7208
1593,8967,8054
1594,7766,8034
1595,7041,8199
1596,7241,8261
1597,7925,7731
1598,8420,7497
1599,9224,7489
1600,9320,7411
1601,8953,7673
1602,7957,8219
1603,7375,8353
1604,7190,8277
1605,7746,7929
1606,8594,7680
1607,9385,7417
1608,9256,7309
1609,8652,7731
1610,7763,8160
1611,7025,8302
1612,7048,7916
1613,7956,8284
1614,8512,7526
1615,9196,7216
1616,9646,7426
1617,8695,7626
1618,7691,8407
1619,6965,8098
1620,7242,8288
1621,7462,7814
1622,8644,7620
1623,9450,7505
1624,9295,7294
1625,8751,7733
1626,7318,8045
1627,7256,8434
1628,7363,8281
1629,7880,7941
1630,8534,7543
1631,8877,7208
1632,9356,7345
1633,8567,7629
1634,8138,8176
1635,7154,8581
1636,7386,8278
1637,7325,7843
1638,8684,7482
1639,9342,7457
1640,9269,7525
1641,8676,7600
1642,7994,8177
1643,7278,8246
1644,7110,8192
1645,7939,8001
1646,8511,7676
1647,9038,7345
1648,9582,7513
1649,8451,7650
1650,7830,8087
1651,7416,8435
1652,7339,8306
1653,7828,7872
1654,8504,7480
1655,9196,7338
1656,9319,7370
1657,8630,7665
1658,8004,8088
1659,7102,8571
1660,7106,8126
1661,7562,7940
1662,8687,7696
1663,9212,7227
1664,9177,7224
1665,8995,7730
1666,7924,8400
1667,6676,8045
1668,7172,8331
1669,8282,7932
1670,8472,7572
1671,9166,7357
1672,9311,7389
1673,8956,7826
1674,7284,8046
1675,7441,8448
1676,6989,8124
1677,7633,7981
1678,8719,7577
1679,9053,7187
1680,9436,7269
1681,8751,7490
1682,8155,8524
1683,7198,8270
1684,6966,8224
1685,7714,7794
1686,8596,7396
1687,8962,7194
1688,9656,7283
1689,8657,7824
1690,7735,8213
1691,7253,8512
1692,7087,8219
1693,7710,7949
1694,8659,7595
1695,9142,7359
1696,9244,7249
1697,8856,7769
1698,7776,8144
1699,7263,8516
1700,7108,8385
1701,7793,7867
1702,8301,7291
1703,9294,7277
1704,9234,7445
1705,9168,7644
1706,7836,8512
1707,7498,8299
1708,6988,8153
1709,7732,7803
1710,8621,7511
1711,9337,7346
1712,9297,7247
1713,8820,8004
1714,7882,8200
1715,7107,8174
1716,7058,8301
1717,7861,7914
1718,8543,7348
1719,9051,7265
1720,9252,7231
1721,9423,7912
1722,7684,8052
1723,7426,8247
1724,7037,8124
1725,7771,7785
1726,8476,7420
1727,9257,7383
1728,9521,7503
1729,8565,7650
1730,8534,8230
1731,7126,8218
1732,7263,8219
1733,7470,7942
1734,8614,7544
1735,9135,7282
1736,9204,7201
1737,8928,7687
1738,8219,8263
1739,6854,8595
1740,7051,8265
1741,7630,7955
1742,8700,7430
1743,9132,7082
1744,9676,7321
1745,8454,8079
1746,8148,8163
1747,7282,8526
1748,7226,8185
1749,7768,7990
1750,8452,7409
1751,9453,7340
1752,9386,7370
1753,8605,7685
1754,8044,8241
1755,6916,8168
1756,7045,8166
1757,7743,8079
1758,8774,7541
1759,9233,7280
1760,9336,7489
1761,8811,7888
1762,8002,8149
1763,7349,8326
1764,7187,8141
1765,7740,7999
1766,8658,7569
1767,9120,7381
1768,9448,7510
1769,9194,7693
1770,8116,8521
1771,6772,8156
1772,7152,8165
1773,7608,8006
1774,8541,7457
1775,9097,7222
1776,9630,7325
1777,8961,8022
1778,7684,8079
1779,7034,8203
1780,7066,8270
1781,7581,7863
1782,8510,7401
1783,9295,7289
1784,9288,7515
1785,9009,7762
1786,8175,8296
1787,7274,8268
1788,7067,8256
1789,7705,8012
1790,8613,7466
1791,9225,7272
1792,9379,7406
1793,8584,7889
1794,8188,8117
1795,7464,8550
1796,6741,8197
1797,7880,7933
1798,8470,7580
1799,9186,7271
1800,9637,7468
1801,8710,7817
1802,8078,8060
1803,7076,8545
1804,7007,8146
1805,7688,7894
1806,8552,7704
1807,9335,7447
1808,9373,7329
1809,8739,7798
1810,8444,8320
1811,6912,8295
1812,6935,8145
1813,8097,8155
1814,8370,7511
1815,8997,7218
1816,9162,7269
1817,8777,7875
1818,8401,8090
1819,7086,8454
1820,7265,8094
1821,7572,8029
1822,8732,7447
1823,9272,7327
1824,9690,7343
1825,8170,7787
1826,8421,8340
1827,6818,8208
1828,7153,8173
1829,7889,8009
1830,8518,7545
1831,8937,7199
1832,9564,7289
1833,8330,7830
1834,8534,8394
1835,6963,8217
1836,7206,8239
1837,7613,8069
1838,8763,7430
1839,8984,7165
1840,9555,7262
1841,9203,7609
1842,7860,8514
1843,7353,8325
1844,7101,8216
1845,8103,8038
1846,8403,7623
1847,9214,7413
1848,8978,7236
1849,9164,7633
1850,7763,7995
1851,7042,8420
1852,7273,8276
1853,7682,7873
1854,8344,7361
1855,9050,7406
1856,9749,7320
1857,8279,7925
1858,8191,8169
1859,7026,8556
1860,7072,8297
1861,7951,7974
1862,8392,7546
1863,9346,7431
1864,9198,7275
1865,8519,7607
1866,7598,8025
1867,7450,8324
1868,7361,8280
1869,7607,7891
1870,8570,7481
1871,9492,7456
1872,8940,7281
1873,8859,7576
1874,8171,8169
1875,7384,8447
1876,7246,8188
1877,7557,7832
1878,8525,7626
1879,9358,7390
1880,9299,7441
1881,8664,7677
1882,7763,8148
1883,7042,8126
1884,7312,8332
1885,7944,7910
1886,8628,7717
1887,9393,7393
1888,9380,7274
1889,8651,7918
1890,7746,7987
1891,7060,8400
1892,7086,8108
1893,7855,8110
1894,8415,7399
1895,9246,7389
1896,9226,7385
1897,8718,7751
1898,7915,8310
1899,7217,8323
1900,7318,8192
1901,7768,7778
1902,8097,7345
1903,9157,7235
1904,9708,7407
1905,9107,7860
1906,7553,8133
1907,7294,8420
1908,6785,8195
1909,7986,8067
1910,8907,7603
1911,9119,7321
1912,9261,7434
1913,8490,7748
1914,8075,8121
1915,7116,8492
1916,7039,8456
1917,7768,7838
1918,8524,7432
1919,9162,7162
1920,9640,7484
1921,8786,7877
1922,8249,8119
1923,7199,8457
1924,6539,8025
1925,8057,8105
1926,8414,7416
1927,9464,7312
1928,9488,7339
1929,8236,7582
1930,7880,8182
1931,7204,8321
1932,7147,8141
1933,7578,7801
1934,8794,7662
1935,8878,7268
1936,9521,7488
1937,8410,7644
1938,8346,8306
1939,7020,8273
1940,7190,8283
1941,7212,7693
1942,8771,7742
1943,9424,7351
1944,9276,7239
1945,8468,7761
1946,8233,8255
1947,6683,8257
1948,7271,8327
1949,7865,7853
1950,8529,7378
1951,9297,7399
1952,9352,7303
1953,8817,7668
1954,8017,8291
1955,7332,8352
1956,7157,8201
1957,7901,8035
1958,8234,7422
1959,9437,7564
1960,9295,7196
1961,8227,7928
1962,8221,8119
1963,7425,8503
1964,6988,8223
1965,7874,8137
1966,8542,7625
1967,9225,7402
1968,9573,7355
1969,8416,7582
1970,7682,8133
1971,7362,8515
1972,7214,8312
1973,7550,7927
1974,8405,7466
1975,9316,7270
1976,9312,7336
1977,8732,7594
1978,7998,8182
1979,7531,8427
1980,7113,8211
1981,7744,7982
1982,8411,7514
1983,9415,7319
1984,9456,7440
1985,8969,7612
1986,7721,8045
1987,6922,8352
1988,7070,8227
1989,7830,8044
1990,8477,7222
1991,9151,7449
1992,9341,7325
1993,8376,7840
1994,8194,8263
1995,7290,8445
1996,6820,8071
1997,7738,8033
1998,8790,7598
1999,8949,7233
2000,9331,7276
2001,9018,7737
2002,7779,8321
2003,7140,8260
2004,7385,8224
2005,7470,7898
2006,8688,7631
2007,9036,7313
2008,9332,7333
2009,8657,7922
2010,8261,8103
2011,7006,8606
2012,7324,8254
2013,7547,7837
2014,8698,7471
2015,9169,7373
2016,9299,7516
2017,8306,7687
2018,8076,8169
2019,7278,8253
2020,7179,8258
2021,7604,8025
2022,8450,7422
2023,9097,7233
2024,9442,7408
2025,8610,7773
2026,8071,8139
2027,7064,8353
2028,7040,8210
2029,7521,7912
2030,8869,7556
2031,9151,7252
2032,9518,7369
2033,8790,7820
2034,7655,7974
2035,7359,8305
2036,7057,8277
2037,7888,7876
2038,8679,7550
2039,9279,7307
2040,9416,7313
2041,9097,7666
2042,7938,8178
2043,6901,8344
2044,6944,8270
2045,7798,7834
2046,8424,7371
2047,9176,7357
2048,9341,7482
2049,9310,7808
2050,7941,8442
2051,7251,8396
2052,7038,8313
2053,7862,7874
2054,8423,7601
2055,9102,7375
2056,9345,7301
2057,8910,7674
2058,7696,8102
2059,7115,8230
2060,6952,8445
2061,7780,7853
2062,8331,7656
2063,9249,7334
2064,9527,7206
2065,8870,7746
2066,8152,8535
2067,7036,8240
2068,7150,8346
2069,7735,8017
2070,8480,7513
2071,9212,7344
2072,9639,7336
2073,8681,7697
2074,7895,8209
2075,7378,8266
2076,7066,8113
2077,7825,7952
2078,8394,7783
2079,9160,7255
2080,9542,7157
2081,8656,7888
2082,7918,8155
2083,7128,8169
2084,7339,8225
2085,7756,7863
2086,8604,7753
2087,9080,7103
2088,9440,7403
2089,8742,7783
2090,7683,7859
2091,7258,8507
2092,6975,8093
2093,8135,8102
2094,8122,7423
2095,9100,7161
2096,9493,7328
2097,8679,7703
2098,8307,8243
2099,7059,8245
2100,7367,8067
2101,7770,8015
2102,8400,7424
2103,9251,7347
2104,9736,7273
2105,8841,7654
2106,7933,8304
2107,7142,8279
2108,6975,8142
2109,7714,8221
2110,8577,7406
2111,9184,7218
2112,9275,7114
2113,8642,7837
2114,8167,8093
2115,6752,8207
2116,7158,8345
2117,7626,7780
2118,8857,7725
2119,9073,7288
2120,9464,7353
2121,8774,7799
2122,8220,8103
2123,7010,8368
2124,7027,8209
2125,7717,7805
2126,8503,7416
2127,9136,7226
2128,9524,7365
2129,8094,7654
2130,8542,8320
2131,7367,8482
2132,6961,8174
2133,7817,7745
2134,8576,7573
2135,9184,7309
2136,9250,7286
2137,8986,7576
2138,8177,8290
2139,6734,8105
2140,7525,8330
2141,7634,7953
2142,8691,7578
2143,9227,7237
2144,9400,7298
2145,8637,8255
2146,7817,8120
2147,7369,8515
2148,6958,8284
2149,7634,7779
2150,8434,7355
2151,9394,7413
2152,9295,7515
2153,8430,7536
2154,7609,8146
2155,7475,8360
2156,7180,8347
2157,7761,7965
2158,8307,7606
2159,9049,7283
2160,9759,7494
2161,8662,7677
2162,7713,8329
2163,7502,8347
2164,7125,8325
2165,7601,7805
2166,8382,7529
2167,9360,7306
2168,9212,7230
2169,8738,8006
2170,8349,8332
2171,7385,8390
2172,6975,8233
2173,7796,7925
2174,8452,7563
2175,9218,7516
2176,9437,7313
2177,8866,7757
2178,7700,8054
2179,7257,8441
2180,6694,8140
2181,7741,7934
2182,8645,7771
2183,9393,7411
2184,9557,7291
2185,9146,7617
2186,7598,8430
2187,7338,8418
2188,7046,8218
2189,7892,7914
2190,8561,7401
2191,8961,7283
2192,9374,7285
2193,8733,7675
2194,7888,8040
2195,7529,8436
2196,7113,8209
2197,7542,7953
2198,8502,7414
2199,9384,7409
2200,8951,7360
2201,9038,7681
2202,7821,8134
2203,7185,8467
2204,7016,8192
2205,7450,7883
2206,8587,7791
2207,9409,7427
2208,9496,7440
2209,8871,7652
2210,7210,8140
2211,7639,8486
2212,6782,8149
2213,7651,7863
2214,8373,7218
2215,9105,7426
2216,9357,7522
2217,9312,7781
2218,8046,8538
2219,6842,8266
2220,6976,8049
2221,7641,7890
2222,8426,7568
2223,9299,7205
2224,9544,7292
2225,9101,7729
2226,7897,8323
2227,7300,8229
2228,7233,8416
2229,7779,8138
2230,8471,7511
2231,8968,7198
2232,9677,7440
2233,8406,7789
2234,8093,8185
2235,7181,8478
2236,7272,8173
2237,7685,7849
2238,8466,7777
2239,9710,7338
2240,9462,7325
2241,8622,7703
2242,7735,8344
2243,7028,8217
2244,7241,8222
2245,7691,7985
2246,8981,7586
2247,8859,7243
2248,9575,7308
2249,8716,7807
2250,8017,8105
2251,6959,8321
2252,7189,8260
2253,7827,8011
2254,8524,7578
2255,9467,7249
2256,9583,7364
2257,8747,7895
2258,8228,8116
2259,7086,8318
2260,6974,8290
2261,7953,8168
2262,8590,7648
2263,9208,7381
2264,9099,7404
2265,9178,7826
2266,8296,8249
2267,7413,8299
2268,6701,8281
2269,8186,7927
2270,8299,7601
2271,9250,7206
2272,9290,7165
2273,9263,7538
2274,7958,8399
2275,7103,8422
2276,6910,8278
2277,7625,7737
2278,8827,7687
2279,8923,7084
2280,9552,7383
2281,9228,7685
2282,8018,8284
2283,7103,8206
2284,7083,8230
2285,7940,8073
2286,8487,7308
2287,8792,7028
2288,9510,7239
2289,9208,7636
2290,7859,8313
2291,7048,8527
2292,6820,8304
2293,8248,8008
2294,8160,7355
2295,9467,7392
2296,9444,7234
2297,8510,8162
2298,7750,8061
2299,7354,8534
2300,6889,8113
2301,7936,8062
2302,8451,7495
2303,9311,7376
2304,9181,7267
2305,8909,7689
2306,8122,8244
2307,6874,8110
2308,6818,8141
2309,8023,7938
2310,8659,7557
2311,9013,7287
2312,9238,7270
2313,9142,7897
2314,7532,8126
2315,7209,8235
2316,7337,8333
2317,7681,7787
2318,8416,7315
2319,9307,7324
2320,9484,7499
2321,8869,7492
2322,8003,8165
2323,7043,8190
2324,6945,8104
2325,8121,8285
2326,8536,7599
2327,8949,7376
2328,9744,7555
2329,8872,7754
2330,7704,8046
2331,7370,8086
2332,7485,8355
2333,7464,8021
2334,8739,7656
2335,8690,7142
2336,9851,7461
2337,8658,7802
2338,8088,8117
2339,6934,8515
2340,6896,8215
2341,8092,7926
2342,8526,7662
2343,9338,7320
2344,9140,7313
2345,8558,7700
2346,8025,8176
2347,7192,8317
2348,7048,8232
2349,7723,7741
2350,8424,7476
2351,9056,7246
2352,9749,7417
2353,8785,7765
2354,7576,8073
2355,7543,8381
2356,7135,8289
2357,7695,7876
2358,8626,7802
2359,9114,7263
2360,9106,7443
2361,9218,7787
2362,7795,8033
2363,6927,8314
2364,7045,8140
2365,7898,7948
2366,8521,7626
2367,9058,7296
2368,9495,7289
2369,8920,7813
2370,8014,8206
2371,6923,8151
2372,7091,8363
2373,7531,7723
2374,8717,7785
2375,9025,7410
2376,9155,7072
2377,9350,7762
2378,7818,7895
2379,7095,8189
2380,7112,8170
2381,7795,7939
2382,8512,7652
2383,9302,7195
2384,9528,7426
2385,9410,7709
2386,7699,8403
2387,7192,8238
2388,7181,8294
2389,7724,7863
2390,8419,7538
2391,9300,7378
2392,9529,7368
2393,8684,7932
2394,7905,8058
2395,6961,8416
2396,7080,8251
2397,8035,7907
2398,8323,7656
2399,9342,7460
2400,9450,7308
2401,8794,7716
2402,7578,8151
2403,7362,8273
2404,7035,8173
2405,7785,7688
2406,8499,7524
2407,9350,7197
2408,9592,7503
2409,8450,7601
2410,8516,8231
2411,6659,8114
2412,7226,8186
2413,7567,7797
2414,8713,7690
2415,9013,7382
2416,9269,7258
2417,9262,7687
2418,7865,8226
2419,7048,8255
2420,7259,8225
2421,8028,8009
2422,8529,7467
2423,9049,7294
2424,9670,7410
2425,9033,8033
2426,7988,8107
2427,7204,8546
2428,7015,8072
2429,7763,7873
2430,8266,7407
2431,9138,7359
2432,9423,7478
2433,8588,7570
2434,8201,8196
2435,7497,8243
2436,7218,8237
2437,7745,8002
2438,8269,7700
2439,9116,7288
2440,9333,7253
2441,8923,7766
2442,7891,8197
2443,7285,8393
2444,7140,8313
2445,7982,7860
2446,8591,7698
2447,9064,7293
2448,9165,7121
2449,8868,7760
2450,7385,8092
2451,7171,8321
2452,7128,8193
2453,7970,7917
2454,8308,7703
2455,9096,7196
2456,9836,7421
2457,8480,7708
2458,7655,8037
2459,7262,8476
2460,7034,8144
2461,7468,7858
2462,8650,7809
2463,8890,7198
2464,9454,7352
2465,8821,7783
2466,7915,8143
2467,6897,8211
2468,7039,8202
2469,7945,7890
2470,8389,7524
2471,9432,7275
2472,9250,7405
2473,8625,7431
2474,7996,8077
2475,7094,8353
2476,6844,8166
2477,8163,7901
2478,8469,7618
2479,9171,7188
2480,9270,7540
2481,8650,7596
2482,8278,8300
2483,7025,8166
2484,7199,8284
2485,7572,7765
2486,8635,7447
2487,8934,7260
2488,9817,7259
2489,9299,7629
2490,7730,7985
2491,6961,8365
2492,6961,8161
2493,7771,7841
2494,8572,7707
2495,9189,7337
2496,8994,7229
2497,9237,7719
2498,7977,8246
2499,6988,8078
2500,7274,8140
2501,7518,8061
2502,8671,7442
2503,9134,7373
2504,9127,7286
2505,8662,8030
2506,7843,8236
2507,7499,8390
2508,6943,8162
2509,7765,8004
2510,8163,7528
2511,9540,7298
2512,9294,7232
2513,9101,7953
2514,8175,8192
2515,7066,8272
2516,6828,8127
2517,7977,7908
2518,8314,7581
2519,9179,7414
2520,9139,7168
2521,8961,7773
2522,7802,8320
2523,6973,8140
2524,7429,8258
2525,7695,8150
2526,8140,7381
2527,9209,7271
2528,8948,7284
2529,9532,7893
2530,7495,8010
2531,7286,8542
2532,6885,8079
2533,8083,8121
2534,8540,7435
2535,9093,7232
2536,9134,7225
2537,8789,7746
2538,8211,8180
2539,7200,8215
2540,7036,8074
2541,7385,7971
2542,8702,7554
2543,9463,7425
2544,9593,7549
2545,8108,7697
2546,8483,8229
2547,7220,8222
2548,7038,8288
2549,7609,7852
2550,8621,7547
2551,8721,7102
2552,9681,7463
2553,8488,7891
2554,8140,8122
2555,7566,8373
2556,6905,8193
2557,8032,8061
2558,8189,7384
2559,9263,7286
2560,9447,7334
2561,8830,7699
2562,8213,7958
2563,7204,8529
2564,6817,8217
2565,7980,8135
2566,8284,7431
2567,9417,7127
2568,9530,7343
2569,8296,7810
2570,8252,8193
2571,7171,8599
2572,7228,8195
2573,7667,8143
2574,8394,7378
2575,9091,7220
2576,9566,7250
2577,9303,7729
2578,7658,8122
2579,7755,8526
2580,6869,8234
2581,7538,8016
2582,8689,7489
2583,9298,7373
2584,9187,7525
2585,9023,7655
2586,8118,8008
2587,6970,8377
2588,6838,8198
2589,7918,7979
2590,8169,7605
2591,9463,7447
2592,8997,7190
2593,8878,7762
2594,7787,7938
2595,7202,8427
2596,6987,8283
2597,7957,7966
2598,8174,7298
2599,8988,7162
2600,9603,7414
2601,8888,7828
2602,8114,8115
2603,7340,8389
2604,6716,8087
2605,8298,8127
2606,8004,7520
2607,9215,7384
2608,9498,7401
2609,8457,7609
2610,8165,8286
2611,7058,8448
2612,6733,7921
2613,8151,8297
2614,8793,7637
2615,8734,7153
2616,9093,7010
2617,8553,7800
2618,8141,8214
2619,7005,8024
2620,7337,8357
2621,7521,7861
2622,8221,7662
2623,9244,7228
2624,9325,7166
2625,9410,7893
2626,7584,8093
2627,7278,8295
2628,7153,8219
2629,7744,7753
2630,8591,7815
2631,8995,7206
2632,9254,7299
2633,8633,7568
2634,8553,8067
2635,6944,8502
2636,6860,8214
2637,7713,7816
2638,8500,7422
2639,9277,7512
2640,9564,7630
2641,8523,7706
2642,8107,8171
2643,7291,8335
2644,7303,8203
2645,7689,7962
2646,8740,7567
2647,8739,7111
2648,9540,7446
2649,8916,7473
2650,7799,8040
2651,7155,8327
2652,7153,8304
2653,7872,8285
2654,8591,7436
2655,9433,7321
2656,9393,7281
2657,8938,7639
2658,7955,7966
2659,6904,8397
2660,6939,8105
2661,8036,8013
2662,8403,7403
2663,9131,7504
2664,9596,7390
2665,8669,7800
2666,8183,8106
2667,6750,8214
2668,7363,8379
2669,7382,7803
2670,8830,7415
2671,9080,7264
2672,9467,7316
2673,8522,7599
2674,8122,8154
2675,7111,8235
2676,7028,8217
2677,7483,7745
2678,8568,7885
2679,9342,7429
2680,9277,7362
2681,9053,7562
2682,7906,8165
2683,7275,8192
2684,7072,8290
2685,7562,7886
2686,8531,7751
2687,9159,7315
2688,9151,7435
2689,8890,7581
2690,7970,8284
2691,7153,8396
2692,7148,8256
2693,7537,7950
2694,8489,7468
2695,9346,7331
2696,8976,7118
2697,9682,7773
2698,7800,8416
2699,7449,8358
2700,6629,8156
2701,7811,7906
2702,8805,7562
2703,9114,7362
2704,9294,7325
2705,9280,7617
2706,7792,8205
2707,6895,8206
2708,7103,8267
2709,7868,7860
2710,8528,7565
2711,9067,7262
2712,9400,7128
2713,9158,7667
2714,8101,8205
2715,6931,8353
2716,6957,8119
2717,7515,7963
2718,8706,7708
2719,8839,7216
2720,9327,7083
2721,9246,7831
2722,7966,8119
2723,7211,8163
2724,7011,8123
2725,7492,8031
2726,8860,7796
2727,9196,7080
2728,9465,7410
2729,8982,7586
2730,7955,8163
2731,6921,8098
2732,7125,8163
2733,7780,7984
2734,8568,7757
2735,9159,7455
2736,9556,7337
2737,8669,7653
2738,8092,8271
2739,6679,8258
2740,7365,8311
2741,7542,7979
2742,8508,7427
2743,9176,7319
2744,9189,7315
2745,9151,7557
2746,7978,8215
2747,7004,8307
2748,7019,8164
2749,7912,7989
2750,8134,7650
2751,9201,7322
2752,9314,7230
2753,9185,7749
2754,8018,8144
2755,6980,8286
2756,6973,8226
2757,7833,8016
2758,8472,7434
2759,8872,7265
2760,9565,7646
2761,8606,7630
2762,8119,7952
2763,7431,8439
2764,7012,8172
2765,7535,7963
2766,8813,7784
2767,9038,7336
2768,9254,7227
2769,8997,7803
2770,7644,8211
2771,7333,8359
2772,7219,8264
2773,7689,7877
2774,8415,7566
2775,9206,7370
2776,9414,7306
2777,9136,7753
2778,7818,7999
2779,7103,8365
2780,7161,8207
2781,7904,7840
2782,8295,7486
2783,9097,7109
2784,9583,7443
2785,9161,7573
2786,8098,8206
2787,6701,8451
2788,7024,8255
2789,7543,7934
2790,8423,7423
2791,9418,7362
2792,9080,7222
2793,9265,7720
2794,7958,8120
2795,7443,8324
2796,7113,8308
2797,7536,7809
2798,8548,7441
2799,9088,7280
2800,9364,7540
2801,9075,7640
2802,8026,8108
2803,7052,8338
2804,6813,8188
2805,7610,7885
2806,8786,7611
2807,9075,7342
2808,9410,7442
2809,8465,7547
2810,8445,8286
2811,6814,8302
2812,7254,8099
2813,7487,7858
2814,8534,7539
2815,9261,7376
2816,9220,7127
2817,8599,7768
2818,7938,8265
2819,7103,8266
2820,7460,8304
2821,7367,7866
2822,8828,7625
2823,9051,7265
2824,9610,7444
2825,9291,7586
2826,7890,8492
2827,7314,8257
2828,7101,8201
2829,7588,8078
2830,8341,7634
2831,9043,7437
2832,9258,7258
2833,8874,7607
2834,8122,8089
2835,7173,8685
2836,7028,8270
2837,7662,7883
2838,8328,7332
2839,9247,7384
2840,9494,7315
2841,9168,7657
2842,7614,8136
2843,7218,8335
2844,6909,8112
2845,7886,8071
2846,8619,7565
2847,9150,7388
2848,9349,7281
2849,8928,7742
2850,8153,8036
2851,7071,8463
2852,6898,8238
2853,7908,7903
2854,8247,7651
2855,9079,7173
2856,9739,7421
2857,8979,7856
2858,7789,8263
2859,7080,8296
2860,7090,8155
2861,7578,7742
2862,8501,7704
2863,8881,7125
2864,9408,7224
2865,8585,7879
2866,8444,8244
2867,6976,8150
2868,7028,8200
2869,7822,8102
2870,8121,7199
2871,9256,7387
2872,9449,7317
2873,8849,7792
2874,7762,7915
2875,7420,8621
2876,6897,7985
2877,8010,8211
2878,8180,7613
2879,9359,7210
2880,9304,7412
2881,8984,7673
2882,8096,8146
2883,6796,8324
2884,7388,8407
2885,7331,7857
2886,8800,7521
2887,9062,7255
2888,9059,7297
2889,8617,7665
2890,8375,8386
2891,7019,8139
2892,7025,8204
2893,7827,8016
2894,8421,7667
2895,9268,7400
2896,9405,7192
2897,8970,7886
2898,7743,7856
2899,7551,8512
2900,7099,8254
2901,7730,7779
2902,8469,7637
2903,9557,7631
2904,9419,7368
2905,9028,7793
2906,7995,8078
2907,7002,8398
2908,7010,8313
2909,7792,7987
2910,8124,7498
2911,9362,7229
2912,9723,7352
2913,8849,7893
2914,7773,8141
2915,7454,8415
2916,6795,8095
2917,8030,7968
2918,8209,7597
2919,9363,7430
2920,9189,7223
2921,8531,7585
2922,8070,8168
2923,6930,8099
2924,7313,8418
2925,7306,7720
2926,8495,7595
2927,9367,7395
2928,9070,7332
2929,9085,7819
2930,8162,7995
2931,7108,8534
2932,7118,8404
2933,7721,7838
2934,8270,7373
2935,9541,7466
2936,9279,7409
2937,8629,7589
2938,7935,8083
2939,7429,8393
2940,7172,8298
2941,7653,8146
2942,8684,7662
2943,9193,7290
2944,9380,7333
2945,8530,7607
2946,7651,8137
2947,7574,8374
2948,7424,8311
2949,7560,8027
2950,8578,7557
2951,9399,7326
2952,9240,7237
2953,8805,7869
2954,7736,8146
2955,7140,8222
2956,7125,8231
2957,7943,8257
2958,8610,7541
2959,8881,7390
2960,9176,7444
2961,8547,7561
2962,8461,8090
2963,6819,8286
2964,7197,8366
2965,7817,8111
2966,8490,7473
2967,9048,7387
2968,9271,7361
2969,8657,7519
2970,8439,8174
2971,7196,8351
2972,7028,8166
2973,8177,8170
2974,8204,7487
2975,9327,7320
2976,9349,7329
2977,8233,7667
2978,8114,8177
2979,7347,8332
2980,7225,8330
2981,7538,8056
2982,8516,7588
2983,9125,7275
2984,9195,7267
2985,9297,7751
2986,8110,8275
2987,7111,8330
2988,6819,8159
2989,7578,8005
2990,8546,7564
2991,9357,7260
2992,8828,7206
2993,9379,7819
2994,8346,8331
2995,6928,8185
2996,7192,8208
2997,7633,8013
2998,8792,7519
2999,9161,7323
3000,9375,7310
3001,8887,7810
3002,7563,7841
3003,7698,8539
3004,7257,8254
3005,7419,7971
3006,8569,7518
3007,9032,7175
3008,9306,7280
3009,8613,7688
3010,8426,8223
3011,7305,8529
3012,7062,8169
3013,7443,7805
3014,8694,7579
3015,8935,7297
3016,9606,7392
3017,9210,7631
3018,7982,8419
3019,7180,8311
3020,7103,8311
3021,7468,7917
3022,8476,7359
3023,9564,7366
3024,9291,7210
3025,9165,7704
3026,8188,8079
3027,7018,8550
3028,7132,8164
3029,7724,7854
3030,8395,7588
3031,9117,7215
3032,9497,7510
3033,8602,7586
3034,8309,8297
3035,6874,8222
3036,7112,8329
3037,7801,7892
3038,8483,7519
3039,9013,7240
3040,9667,7318
3041,8662,7891
3042,7823,8161
3043,7571,8358
3044,7052,8343
3045,7739,7895
3046,8483,7597
3047,9385,7242
3048,9403,7380
3049,9009,7626
3050,7799,8199
3051,7552,8352
3052,6913,8225
3053,7591,7837
3054,8847,7597
3055,9235,7278
3056,9302,7171
3057,8614,7829
3058,8090,8092
3059,7319,8509
3060,7189,8300
3061,7959,7738
3062,8494,7371
3063,9061,7396
3064,9636,7444
3065,9294,7644
3066,7988,8067
3067,6990,8166
3068,6935,8209
3069,7859,8125
3070,8474,7435
3071,9537,7355
3072,9448,7307
3073,8899,7903
3074,8054,8041
3075,7532,8482
3076,6991,8040
3077,7884,7984
3078,8317,7392
3079,9218,7450
3080,9212,7329
3081,8449,7586
3082,8227,8103
3083,6956,8294
3084,7275,8231
3085,7728,7940
3086,8495,7539
3087,9162,7357
3088,9483,7453
3089,8311,7615
3090,8444,8225
3091,7159,8350
3092,6986,8336
3093,7938,7925
3094,8425,7537
3095,9486,7423
3096,9089,7020
3097,9426,7735
3098,7580,8310
3099,7232,8377
3100,7053,8179
3101,8037,8069
3102,8363,7580
3103,9477,7280
3104,9437,7187
3105,8993,7881
3106,8118,8100
3107,6965,8242
3108,7174,8263
3109,7771,7791
3110,8697,7481
3111,9130,7394
3112,9310,7402
3113,9130,7751
3114,7867,8362
3115,7662,8354
3116,7034,8192
3117,7588,7887
3118,8668,7526
3119,8814,7171
3120,9652,7393
3121,8685,7846
3122,7949,8136
3123,7290,8529
3124,7095,8084
3125,7560,7887
3126,8721,7665
3127,9044,7294
3128,9421,7275
3129,8676,7692
3130,8333,8100
3131,6933,8387
3132,7240,8297
3133,7830,7815
3134,8292,7539
3135,9052,7360
3136,9600,7367
3137,8829,7580
3138,7693,8110
3139,7273,8312
3140,7186,8346
3141,7807,7851
3142,8426,7569
3143,9212,7270
3144,9272,7393
3145,8689,7463
3146,7948,8110
3147,7350,8393
3148,6957,8337
3149,7862,7818
3150,8492,7635
3151,8999,7214
3152,9213,7558
3153,8777,7657
3154,8012,8158
3155,7186,8414
3156,7042,8250
3157,7623,7863
3158,8724,7747
3159,9079,7279
3160,9105,7327
3161,8847,7651
3162,7678,7989
3163,7546,8422
3164,7102,8142
3165,7790,7999
3166,8496,7609
3167,8863,7206
3168,9294,7192
3169,8934,7569
3170,8070,8096
3171,7061,8292
3172,7253,8273
3173,7478,7858
3174,8531,7419
3175,9221,7377
3176,9451,7307
3177,9303,7587
3178,8272,8285
3179,6835,8425
3180,7196,8296
3181,7398,7921
3182,8358,7416
3183,9400,7363
3184,9419,7093
3185,9293,7580
3186,7825,8286
3187,7052,8412
3188,6904,8157
3189,7884,7885
3190,8446,7785
3191,9034,7204
3192,9475,7174
3193,8399,7935
3194,8298,8386
3195,6853,8312
3196,7228,8202
3197,7466,7754
3198,8242,7614
3199,9510,7564
3200,9173,7180
3201,9300,7814
3202,7726,8400
3203,7111,8388
3204,7342,8345
3205,7527,7847
3206,8567,7710
3207,9367,7335
3208,8940,7202
3209,9244,7723
3210,7915,8329
3211,7404,8333
3212,7194,8137
3213,7693,7932
3214,8153,7268
3215,9443,7290
3216,9234,7254
3217,8761,7842
3218,8126,8203
3219,7020,8223
3220,7074,8056
3221,7885,7958
3222,8504,7358
3223,9007,7315
3224,9248,7302
3225,8948,7897
3226,8030,8077
3227,7233,8258
3228,7337,8220
3229,7488,8000
3230,8597,7481
3231,9426,7304
3232,9426,7314
3233,8941,7552
3234,7957,8111
3235,7061,8368
3236,7124,8321
3237,7719,8024
3238,8399,7509
3239,8850,7230
3240,9768,7354
3241,8561,7546
3242,7816,8122
3243,7253,8274
3244,7239,8194
3245,7930,7708
3246,8250,7396
3247,9499,7358
3248,9287,7586
3249,9107,7776
3250,7667,8276
3251,7147,8349
3252,7079,8208
3253,7745,8061
3254,8260,7554
3255,9048,7063
3256,9491,7190
3257,8964,7784
3258,7686,7964
3259,7635,8511
3260,6930,8185
3261,8130,8144
3262,8191,7538
3263,9176,7444
3264,9368,7230
3265,9417,7827
3266,7954,8387
3267,6580,8154
3268,7084,8196
3269,7871,7947
3270,8385,7470
3271,8917,7275
3272,9228,7307
3273,8996,7819
3274,7318,7955
3275,7720,8380
3276,6971,8165
3277,7877,7899
3278,8329,7386
3279,9126,7272
3280,9729,7350
3281,8687,7815
3282,8460,8227
3283,7091,8233
3284,7018,8092
3285,7662,7819
3286,8616,7778
3287,9115,7384
3288,9475,7198
3289,9303,7774
3290,7958,8574
3291,6879,8280
3292,7093,8215
3293,7791,8015
3294,8384,7505
3295,9465,7302
3296,9225,7228
3297,9127,7655
3298,8084,8276
3299,7080,8409
3300,6955,8091
3301,7877,8093
3302,8485,7541
3303,9195,7337
3304,9129,7140
3305,8894,7753
3306,8225,8173
3307,7234,8237
3308,7066,7998
3309,7706,7790
3310,8511,7562
3311,9294,7049
3312,9692,7458
3313,8405,7689
3314,8321,8407
3315,7119,8223
3316,6982,8263
3317,7718,8024
3318,8470,7409
3319,9232,7300
3320,9441,7376
3321,8496,7595
3322,7716,8121
3323,7180,8245
3324,7404,8237
3325,7736,7942
3326,8250,7770
3327,9472,7279
3328,9301,7396
3329,8707,7593
3330,8004,8085
3331,7412,8252
3332,7092,8176
3333,7612,7945
3334,8648,7666
3335,9104,7394
3336,9284,7389
3337,8953,7612
3338,8192,8240
3339,7003,8085
3340,7161,8308
3341,7638,7735
3342,8470,7549
3343,9214,7283
3344,9201,7264
3345,9323,7642
3346,7776,7944
3347,7066,8393
3348,6975,8258
3349,7544,7818
3350,8482,7673
3351,9223,7402
3352,9012,7315
3353,9005,7735
3354,8089,8001
3355,7252,8451
3356,6848,8177
3357,7623,8029
3358,8571,7397
3359,8994,7290
3360,9551,7224
3361,8553,7724
3362,8060,8254
3363,7245,8123
3364,7265,8221
3365,7486,7799
3366,8314,7477
3367,9330,7303
3368,9331,7238
3369,9340,7614
3370,7601,7915
3371,7117,8400
3372,7061,8189
3373,7776,7932
3374,8443,7627
3375,9375,7429
3376,9354,7227
3377,8504,7764
3378,8359,8274
3379,6788,8202
3380,7200,8321
3381,7648,7858
3382,8445,7418
3383,9217,7186
3384,9276,7425
3385,8685,7887
3386,7965,8160
3387,7325,8373
3388,7293,8340
3389,7536,7954
3390,8632,7502
3391,9102,7424
3392,9253,7221
3393,8759,7507
3394,7915,8115
3395,6946,8261
3396,6988,8166
3397,7457,7934
3398,8580,7719
3399,9320,7270
3400,9264,7516
3401,8287,7600
3402,8340,8319
3403,7325,8228
3404,7138,8228
3405,7880,7959
3406,8681,7643
3407,9007,7339
3408,9379,7275
3409,8966,7506
3410,7657,8317
3411,7353,8415
3412,7070,8414
3413,7759,7969
3414,8493,7562
3415,9092,7252
3416,9682,7504
3417,9388,7789
3418,7718,8199
3419,7025,8228
3420,7051,8222
3421,7901,7723
3422,8749,7595
3423,9123,7360
3424,9301,7174
3425,9414,7804
3426,7972,8303
3427,7445,8397
3428,7017,8405
3429,7619,7883
3430,8820,7502
3431,9193,7361
3432,9260,7255
3433,9566,7762
3434,7872,8239
3435,7169,8327
3436,7169,8087
3437,7567,8041
3438,8684,7440
3439,9384,7364
3440,9359,7286
3441,9162,7580
3442,8051,8226
3443,6760,8101
3444,7150,8040
3445,7900,7977
3446,8410,7684
3447,9308,7489
3448,9474,7194
3449,8821,8094
3450,7760,8080
3451,7466,8338
3452,6942,8125
3453,7843,7950
3454,8212,7347
3455,9483,7546
3456,9180,7306
3457,8350,7604
3458,8401,8331
3459,6922,8063
3460,7250,8212
3461,7609,7947
3462,8631,7397
3463,9250,7378
3464,9395,7243
3465,8541,7903
3466,7733,7960
3467,7564,8462
3468,7103,8240
3469,7747,7932
3470,8528,7681
3471,9397,7411
3472,9064,7103
3473,8386,7826
3474,8341,8223
3475,7482,8596
3476,7006,8172
3477,7807,8196
3478,8454,7634
3479,8941,7153
3480,9711,7308
3481,8483,8030
3482,8020,8267
3483,7011,8154
3484,7289,8456
3485,7670,8119
3486,8390,7445
3487,9370,7280
3488,9298,7254
3489,9415,7589
3490,7887,7933
3491,7152,8468
3492,6647,8000
3493,7900,7779
3494,8670,7486
3495,8865,7335
3496,9503,7331
3497,8462,7657
3498,8279,8159
3499,7064,8302
3500,7075,8232
3501,7561,7991
3502,8488,7516
3503,9114,7254
3504,9786,7625
3505,8404,7694
3506,7928,7960
3507,7505,8536
3508,7057,8123
3509,7945,8025
3510,8723,7699
3511,9140,7176
3512,9318,7227
3513,9211,7597
3514,8061,8260
3515,6711,8112
3516,7142,8161
3517,7762,7733
3518,8525,7686
3519,9196,7378
3520,9272,7223
3521,9176,7755
3522,7493,8167
3523,7193,8183
3524,6847,8275
3525,7891,8042
3526,8618,7453
3527,9151,7207
3528,9550,7441
3529,9231,7715
3530,7573,7940
3531,7442,8407
3532,6708,8069
3533,7850,8171
3534,8550,7574
3535,8878,7317
3536,9537,7212
3537,8614,7753
3538,7915,8200
3539,7054,8469
3540,7092,8126
3541,7696,7956
3542,8430,7557
3543,9183,7325
3544,9556,7413
3545,8949,7998
3546,8346,8411
3547,7051,8273
3548,6948,8425
3549,7933,8160
3550,8548,7478
3551,9000,7166
3552,9306,7306
3553,8943,7557
3554,7932,8353
3555,7450,8414
3556,7252,8250
3557,7921,8116
3558,8356,7339
3559,8871,7368
3560,9373,7240
3561,9017,7690
3562,7722,8018
3563,7452,8395
3564,7053,8196
3565,7608,8130
3566,8566,7556
3567,9109,7275
3568,9153,7421
3569,9102,7700
3570,7828,7976
3571,7409,8577
3572,7052,8091
3573,7597,8060
3574,8362,7671
3575,8767,7168
3576,9528,7342
3577,9207,7684
3578,7891,8480
3579,7148,8329
3580,7429,8333
3581,7583,7793
3582,8741,7628
3583,8951,7185
3584,9627,7418
3585,8500,7896
3586,8095,8180
3587,7338,8315
3588,6952,8234
3589,7737,7779
3590,8801,7649
3591,9092,7323
3592,9609,7357
3593,8625,7800
3594,7792,8062
3595,7613,8422
3596,7121,8383
3597,7776,7818
3598,8376,7863
3599,9267,7208
3600,9404,7376
3601,9180,7546
3602,8282,8391
3603,6556,8350
3604,7185,8243
3605,7498,7703
3606,8478,7526
3607,9181,7225
3608,9542,7286
3609,8834,7574
3610,8132,8050
3611,6903,8461
3612,7175,8220
3613,7662,8023
3614,8557,7483
3615,9194,7254
3616,9421,7302
3617,9339,7686
3618,7927,8211
3619,7082,8539
3620,7133,8294
3621,7763,7873
3622,8478,7715
3623,9291,7236
3624,9460,7243
3625,8675,7902
3626,8280,8187
3627,7387,8486
3628,6980,8156
3629,7645,7960
3630,8706,7504
3631,9210,7305
3632,9704,7482
3633,8888,7430
3634,7726,8357
3635,7269,8285
3636,7238,8255
3637,7915,8028
3638,8438,7645
3639,9011,7086
3640,9304,7329
3641,9265,7645
3642,7953,8309
3643,7347,8230
3644,7343,8282
3645,7700,7969
3646,8457,7443
3647,9235,7332
3648,9114,7077
3649,8779,7665
3650,7809,8149
3651,7263,8371
3652,6897,8243
3653,7870,8017
3654,8575,7547
3655,9101,7443
3656,9374,7307
3657,8749,7640
3658,8057,8051
3659,7069,8342
3660,7246,8394
3661,7284,7888
3662,8642,7359
3663,9135,7338
3664,9666,7280
3665,8708,7569
3666,7717,8288
3667,7343,8228
3668,7053,8244
3669,7521,7929
3670,8550,7421
3671,9213,7381
3672,9356,7144
3673,9023,7756
3674,8140,8207
3675,7516,8524
3676,7148,8203
3677,7851,8154
3678,8486,7622
3679,9090,7174
3680,9402,7387
3681,9206,7766
3682,7592,8121
3683,7545,8457
3684,7130,8260
3685,7594,7763
3686,8871,7744
3687,9124,7138
3688,9425,7356
3689,9035,7556
3690,7847,8197
3691,7064,8269
3692,6917,8216
3693,7967,8104
3694,8581,7601
3695,9037,7389
3696,9270,7187
3697,9044,7815
3698,7921,8076
3699,7553,8484
3700,7025,8216
3701,7825,7868
3702,8507,7190
3703,9472,7400
3704,9460,7385
3705,8736,7754
3706,8139,8186
3707,7333,8375
3708,6825,7975
3709,7768,8011
3710,8565,7545
3711,9040,7213
3712,9599,7358
3713,8842,7653
3714,8047,8114
3715,7125,8277
3716,7131,8340
3717,7732,8006
3718,8529,7685
3719,8980,7306
3720,9346,7334
3721,9137,7542
3722,8079,8178
3723,7035,8364
3724,6989,8265
3725,7828,7992
3726,8341,7529
3727,9325,7389
3728,9416,7475
3729,8840,7592
3730,7864,8038
3731,7132,8306
3732,7033,8333
3733,7667,8078
3734,8432,7384
3735,9108,7226
3736,9508,7230
3737,8748,7661
3738,8345,8154
3739,7267,8347
3740,6892,8132
3741,7588,7729
3742,8363,7485
3743,9223,7322
3744,9807,7490
3745,8499,7662
3746,7708,8162
3747,7045,8279
3748,7298,8338
3749,7742,8006
3750,8408,7453
3751,9464,7327
3752,9172,7326
3753,9090,7683
3754,7860,8343
3755,7268,8263
3756,7268,8289
3757,7798,8077
3758,8461,7510
3759,8760,7148
3760,9527,7299
3761,8835,7754
3762,7994,8147
3763,7329,8442
3764,6853,8189
3765,7960,8093
3766,8332,7543
3767,9161,7270
3768,9405,7445
3769,9146,7785
3770,8197,8341
3771,6939,8199
3772,7047,8192
3773,7468,7925
3774,8703,7608
3775,9293,7163
3776,9376,7313
3777,9041,7580
3778,7816,8008
3779,7220,8423
3780,7180,8361
3781,7984,8261
3782,8142,7306
3783,9443,7354
3784,9102,7403
3785,8997,7726
3786,7793,8144
3787,7250,8099
3788,6970,8224
3789,7811,8198
3790,8564,7577
3791,9110,7235
3792,9693,7428
3793,8728,7740
3794,7682,7996
3795,7307,8326
3796,7441,8428
3797,7634,7842
3798,8582,7656
3799,9337,7193
3800,9214,7317
3801,9051,7587
3802,8456,8171
3803,6917,8258
3804,7005,8231
3805,7902,7863
3806,8649,7645
3807,9219,7357
3808,9231,7339
3809,8701,7421
3810,8539,8252
3811,7237,8393
3812,6972,8312
3813,7705,8005
3814,8360,7520
3815,9453,7208
3816,9386,7124
3817,8856,7751
3818,7668,7978
3819,7562,8416
3820,6936,8298
3821,7715,8041
3822,8723,7754
3823,9225,7249
3824,9389,7372
3825,8675,7744
3826,8187,8141
3827,7193,8245
3828,7198,8172
3829,7657,7890
3830,8457,7635
3831,9118,7167
3832,9783,7529
3833,8975,7544
3834,7938,8354
3835,6939,8203
3836,7289,8314
3837,7989,7961
3838,8343,7614
3839,8969,7217
3840,9141,7316
3841,9512,7781
3842,8305,8273
3843,6951,8291
3844,7092,8289
3845,7426,7764
3846,8689,7583
3847,9121,7213
3848,9686,7440
3849,8775,7811
3850,7902,8090
3851,7073,8244
3852,7384,8449
3853,7488,7942
3854,8616,7465
3855,9036,7275
3856,9343,7377
3857,8919,7554
3858,8042,8413
3859,7103,8310
3860,6969,8198
3861,8028,8059
3862,8572,7730
3863,9029,7248
3864,9066,7313
3865,9365,7606
3866,8037,8189
3867,7164,8470
3868,6896,8076
3869,7479,7963
3870,8465,7548
3871,9358,7436
3872,9440,7449
3873,8426,7603
3874,8256,8237
3875,7171,8207
3876,7210,8278
3877,7559,7867
3878,8578,7579
3879,9177,7320
3880,9391,7170
3881,9170,7516
3882,7834,8260
3883,7437,8321
3884,7090,8266
3885,7820,8011
3886,8283,7576
3887,9565,7388
3888,9209,7191
3889,9114,7676
3890,8021,8150
3891,7073,8446
3892,7242,8298
3893,7757,7912
3894,8337,7399
3895,9262,7373
3896,9565,7347
3897,8816,7633
3898,7643,8283
3899,7413,8227
3900,7218,8221
3901,7744,8027
3902,8683,7892
3903,9217,7210
3904,9398,7267
3905,9117,7690
3906,7762,8170
3907,6968,8388
3908,7007,8192
3909,7875,7923
3910,8625,7440
3911,9188,7322
3912,9534,7648
3913,8484,7557
3914,8187,8152
3915,7454,8532
3916,6854,7978
3917,7895,7917
3918,8654,7520
3919,9002,7324
3920,9701,7352
3921,8628,7720
3922,7807,8215
3923,7465,8336
3924,7030,8222
3925,7758,7863
3926,8525,7682
3927,9267,7222
3928,9502,7296
3929,8858,7586
3930,7715,8199
3931,7146,8360
3932,6940,8097
3933,8094,7989
3934,8324,7424
3935,9368,7357
3936,9267,7221
3937,8764,7975
3938,8244,8175
3939,6974,8231
3940,7004,8203
3941,8102,8055
3942,8255,7484
3943,9244,7440
3944,9586,7471
3945,8278,7428
3946,8158,8158
3947,7101,8432
3948,7176,8186
3949,7827,7859
3950,8536,7485
3951,9082,7174
3952,9518,7476
3953,9028,7533
3954,7922,8484
3955,7185,8215
3956,7334,8186
3957,7590,7743
3958,8355,7702
3959,9348,7374
3960,9369,7243
3961,9256,7649
3962,7658,8437
3963,6877,8073
3964,7238,8259
3965,7918,7865
3966,8659,7613
3967,9202,7479
3968,9374,7222
3969,9429,7594
3970,7601,8166
3971,7280,8414
3972,7503,8386
3973,7819,7970
3974,8292,7349
3975,9225,7386
3976,9415,7283
3977,8440,7706
3978,8051,8050
3979,7318,8342
3980,7297,8262
3981,7808,8082
3982,8478,7539
3983,9430,7214
3984,9618,7339
3985,8641,7843
3986,7917,8122
3987,7146,8377
3988,7219,8122
3989,7949,7956
3990,8545,7614
3991,8971,7325
3992,9410,7326
3993,8425,7696
3994,8450,8285
3995,6821,8113
3996,7400,8318
3997,7647,7845
3998,8633,7507
3999,9075,7294
4000,9609,7403
4001,9265,7686
4002,8017,8176
4003,7410,8264
4004,7125,8174
4005,7756,7865
4006,8270,7577
4007,9241,7155
4008,9740,7436
4009,8388,7669
4010,8461,8282
4011,6874,8247
4012,7018,8272
4013,7903,8127
4014,8206,7269
4015,9398,7358
4016,9281,7164
4017,8752,7845
4018,7589,8036
4019,7828,8534
4020,6940,8209
4021,8076,7979
4022,8465,7768
4023,9023,7140
4024,9403,7299
4025,8841,7797
4026,7907,8070
4027,7074,8385
4028,7186,8084
4029,7878,8168
4030,8386,7498
4031,9178,7212
4032,9356,7397
4033,8375,7632
4034,8325,8342
4035,7001,8419
4036,7149,8190
4037,7895,7831
4038,8459,7663
4039,9214,7214
4040,9389,7275
4041,8958,7710
4042,7921,8209
4043,7177,8107
4044,7088,8284
4045,7766,7613
4046,8427,7772
4047,9326,7241
4048,9462,7322
4049,9166,8023
4050,7484,8052
4051,7540,8380
4052,6888,8191
4053,7880,7946
4054,8685,7628
4055,9109,7304
4056,9571,7304
4057,8826,7667
4058,8022,8290
4059,6776,7978
4060,7186,8374
4061,7689,7730
4062,8354,7493
4063,9572,7369
4064,9202,7081
4065,9294,7874
4066,7716,8145
4067,6957,8169
4068,7258,8278
4069,7981,8005
4070,8739,7765
4071,9055,7206
4072,9421,7343
4073,9178,7684
4074,7945,8111
4075,7265,8214
4076,7077,8206
4077,7920,7844
4078,8503,7769
4079,9008,7120
4080,9563,7469
4081,8669,7465
4082,7989,8144
4083,7229,8439
4084,6949,8242
4085,7839,8101
4086,8344,7457
4087,8997,7236
4088,9218,7341
4089,8812,7602
4090,7670,7986
4091,7547,8467
4092,7042,8041
4093,7527,7950
4094,8766,7587
4095,9269,7309
4096,9694,7376
4097,9113,7670
4098,7716,8404
4099,7057,8220
4100,7320,8274
4101,7765,8086
4102,8513,7471
4103,9204,7341
4104,9077,7329
4105,9413,7707
4106,7853,8351
4107,7411,8341
4108,6928,8192
4109,7796,7963
4110,8535,7586
4111,9083,7276
4112,9375,7292
4113,9215,7730
4114,7505,8093
4115,7315,8448
4116,6939,8197
4117,7676,7909
4118,8436,7502
4119,9049,7141
4120,9578,7334
4121,8461,7515
4122,7951,8198
4123,7203,8434
4124,7078,8168
4125,7636,8106
4126,8297,7400
4127,9121,7302
4128,9063,7172
4129,9206,7830
4130,7650,8265
4131,7339,8422
4132,6889,8208
4133,7669,7860
4134,8330,7367
4135,9688,7396
4136,9184,7163
4137,9174,7663
4138,7809,8144
4139,7452,8394
4140,6829,8169
4141,8001,7988
4142,8482,7725
4143,9134,7147
4144,9299,7173
4145,8554,7728
4146,8304,8102
4147,7123,8213
4148,7192,8213
4149,7822,8158
4150,8555,7619
4151,9041,7308
4152,9794,7395
4153,8978,7414
4154,7872,8404
4155,6968,8324
4156,6971,8150
4157,7837,7876
4158,8428,7327
4159,9392,7224
4160,9213,7284
4161,8766,7773
4162,8412,8171
4163,6984,8097
4164,7248,8259
4165,7707,7810
4166,8485,7590
4167,9422,7395
4168,9523,7510
4169,8329,7566
4170,7851,7938
4171,7376,8262
4172,7130,8345
4173,7902,7839
4174,8719,7775
4175,9159,7432
4176,9066,7252
4177,8756,7685
4178,8082,8262
4179,7381,8374
4180,6852,8160
4181,7583,7849
4182,8488,7161
4183,9266,7182
4184,9429,7276
4185,9463,7829
4186,7760,8459
4187,7145,8221
4188,7180,8330
4189,7688,7686
4190,8669,7717
4191,9149,7369
4192,9225,7201
4193,9117,7568
4194,7891,8452
4195,6970,8252
4196,7291,8354
4197,7814,8065
4198,8296,7428
4199,9292,7402
4200,9425,7176
4201,8640,7892
4202,8288,8286
4203,7022,8513
4204,6962,8080
4205,7857,8078
4206,8423,7526
4207,9309,7443
4208,9417,7181
4209,8699,7729
4210,8415,8234
4211,7284,8249
4212,7131,8212
4213,7994,8011
4214,8257,7426
4215,9279,7209
4216,9480,7323
4217,8653,7795
4218,8160,8053
4219,7260,8570
4220,6710,8100
4221,7827,7953
4222,8546,7431
4223,9131,7315
4224,9371,7357
4225,8847,7643
4226,7811,8139
4227,7192,8230
4228,7262,8299
4229,7699,8164
4230,8853,7605
4231,8930,7251
4232,9364,7309
4233,8371,7648
4234,8188,8311
4235,7335,8281
4236,6967,8260
4237,7733,7884
4238,8683,7553
4239,9104,7345
4240,9335,7270
4241,9094,7441
4242,7897,8075
4243,7211,8337
4244,6784,8123
4245,7987,7881
4246,8445,7629
4247,9080,7422
4248,9711,7558
4249,8503,7702
4250,8047,8321
4251,7160,8213
4252,7351,8321
4253,7847,7764
4254,8116,7481
4255,9259,7239
4256,9219,7202
4257,8973,7681
4258,8095,8061
4259,7105,8346
4260,7242,8278
4261,7661,8025
4262,8411,7455
4263,9037,7190
4264,9860,7492
4265,8808,7608
4266,7809,8262
4267,7380,8338
4268,7391,8226
4269,7474,7833
4270,8331,7332
4271,9370,7383
4272,9383,7258
4273,8978,7981
4274,8055,8093
4275,7144,8588
4276,6735,8117
4277,8161,7985
4278,8260,7508
4279,9416,7334
4280,9535,7441
4281,8546,7841
4282,8120,8178
4283,6934,8044
4284,7232,8072
4285,7794,8014
4286,8666,7671
4287,9255,7416
4288,9511,7333
4289,8828,7761
4290,7826,8140
4291,7168,8269
4292,7270,8246
4293,7501,7873
4294,8340,7518
4295,9260,7133
4296,9528,7367
4297,8627,7561
4298,7870,8182
4299,7411,8312
4300,7238,8106
4301,7724,8035
4302,8558,7375
4303,9134,7341
4304,9430,7422
4305,9023,7512
4306,7874,8442
4307,6865,8206
4308,7388,8331
4309,7709,8025
4310,8843,7652
4311,8905,7123
4312,9415,7398
4313,9336,7586
4314,7931,8348
4315,7330,8298
4316,6917,8316
4317,7940,8001
4318,8272,7403
4319,9337,7183
4320,9587,7380
4321,8726,7888
4322,8068,8102
4323,6972,8535
4324,7427,8304
4325,7566,7936
4326,8518,7619
4327,8948,7162
4328,9150,7313
4329,9070,7688
4330,8030,8145
4331,6995,8529
4332,7329,8331
4333,8025,8028
4334,8126,7319
4335,9051,7204
4336,9633,7409
4337,9101,7534
4338,7938,8125
4339,7182,8235
4340,7001,8081
4341,7902,8016
4342,8286,7689
4343,9045,7202
4344,9375,7454
4345,8674,7627
4346,8473,8400
4347,6940,8216
4348,7075,8268
4349,7658,7922
4350,8664,7658
4351,9086,7375
4352,9505,7222
4353,8559,7736
4354,8021,8119
4355,7176,8537
4356,7222,8270
4357,7753,7830
4358,8269,7577
4359,9131,7294
4360,9863,7385
4361,8398,7644
4362,8094,8152
4363,7294,8344
4364,7068,8253
4365,7671,7827
4366,8573,7588
4367,9292,7337
4368,9466,7225
4369,8909,7612
4370,8044,8129
4371,7386,8247
4372,7068,8104
4373,7751,7825
4374,8463,7461
4375,9098,7375
4376,9152,7433
4377,8962,7566
4378,7917,8200
4379,7026,8277
4380,7165,8166
4381,8019,7920
4382,8485,7343
4383,9319,7379
4384,9356,7210
4385,8995,7906
4386,8262,8143
4387,7055,8205
4388,6832,8124
4389,7751,7819
4390,8347,7176
4391,9319,7426
4392,9683,7498
4393,8872,7567
4394,8324,8537
4395,6818,8149
4396,7122,7973
4397,7704,7940
4398,8774,7586
4399,9210,7374
4400,9464,7371
4401,8929,7731
4402,7936,8061
4403,7088,8219
4404,7105,8326
4405,7960,7978
4406,8570,7634
4407,8742,7149
4408,9311,7358
4409,8693,7460
4410,8159,8286
4411,7144,8381
4412,7084,8238
4413,7604,7999
4414,8562,7633
4415,8990,7150
4416,9328,7150
4417,8382,7785
4418,7789,8036
4419,7766,8514
4420,7056,8220
4421,7607,7970
4422,8549,7541
4423,8925,7024
4424,9370,7365
4425,8609,7713
4426,7975,8139
4427,7365,8337
4428,7186,8327
4429,7767,7915
4430,8448,7361
4431,9026,7199
4432,9524,7480
4433,8904,7575
4434,7975,8181
4435,7429,8368
4436,6937,8175
4437,7835,8028
4438,8570,7484
4439,9218,7406
4440,9508,7393
4441,8740,7505
4442,8228,8226
4443,6858,8057
4444,7157,8094
4445,7636,7933
4446,8335,7400
4447,9361,7227
4448,9479,7260
4449,9220,7729
4450,8226,8116
4451,7096,8257
4452,6758,8089
4453,7926,7837
4454,8216,7320
4455,9216,7247
4456,9604,7477
4457,8636,7619
4458,8267,8473
4459,7210,8286
4460,6982,8105
4461,7526,7825
4462,8376,7453
4463,9406,7362
4464,9392,7372
4465,8562,7783
4466,8002,8228
4467,6974,8278
4468,7392,8285
4469,7795,7871
4470,8580,7599
4471,9225,7195
4472,9027,7196
4473,9079,7806
4474,7996,8175
4475,7558,8345
4476,6980,8336
4477,7595,8011
4478,8500,7427
4479,9578,7355
4480,9484,7404
4481,8588,7524
4482,7902,8100
4483,7410,8256
4484,7267,8126
4485,7731,7993
4486,8414,7467
4487,9042,7158
4488,9595,7342
4489,8714,7513
4490,8344,8184
4491,7044,8085
4492,7109,8157
4493,7804,7968
4494,8273,7542
4495,9175,7368
4496,9655,7423
4497,8472,7655
4498,8386,8216
4499,6973,8200
4500,7187,8313
4501,7297,7801
4502,8483,7582
4503,9115,7225
4504,8970,7075
4505,9303,7663
4506,8337,8311
4507,7059,8308
4508,7048,8250
4509,7833,7726
4510,8570,7522
4511,9397,7505
4512,9413,7196
4513,8662,7633
4514,7475,8154
4515,7639,8342
4516,7216,8316
4517,7650,8085
4518,8277,7457
4519,9326,7371
4520,9573,7343
4521,8770,7541
4522,7814,8130
4523,7001,8286
4524,7198,8230
4525,7735,7986
4526,8451,7672
4527,9221,7229
4528,9290,7365
4529,9471,7716
4530,7866,8394
4531,7329,8335
4532,7005,8247
4533,7679,7839
4534,8660,7447
4535,9325,7369
4536,9405,7474
4537,8992,7630
4538,7864,8165
4539,7253,8338
4540,7024,8054
4541,7591,7997
4542,8661,7537
4543,9177,7364
4544,9551,7421
4545,8980,7582
4546,7855,8251
4547,7061,8067
4548,7284,8121
4549,7628,7815
4550,8367,7619
4551,9109,7244
4552,9278,7306
4553,9489,7787
4554,7713,8214
4555,6801,8162
4556,7172,8348
4557,7807,7770
4558,8532,7375
4559,9284,7369
4560,9062,7184
4561,9418,7960
4562,7420,8103
4563,7521,8339
4564,7211,8331
4565,7493,7878
4566,8252,7310
4567,9446,7330
4568,9716,7346
4569,8852,7451
4570,7932,8317
4571,7262,8343
4572,7099,8085
4573,7755,7945
4574,8849,7652
4575,9201,7260
4576,9273,7226
4577,9060,7659
4578,8168,8061
4579,6985,8176
4580,7239,8221
4581,7772,7883
4582,8462,7576
4583,9178,7399
4584,9428,7385
4585,9184,7664
4586,7858,8069
4587,7293,8292
4588,6771,8173
4589,8002,7989
4590,8659,7535
4591,8927,7288
4592,9400,7371
4593,9170,7576
4594,8237,8244
4595,6622,8125
4596,7317,8431
4597,7661,7814
4598,8426,7498
4599,8992,7149
4600,9326,7251
4601,9058,8008
4602,8041,8033
4603,6818,8331
4604,6970,8045
4605,7901,8042
4606,8405,7375
4607,9331,7353
4608,9462,7335
4609,8628,7812
4610,8385,8233
4611,7268,8213
4612,7141,8205
4613,7642,7832
4614,8460,7326
4615,9097,7133
4616,9400,7329
4617,8689,7929
4618,8111,8146
4619,7291,8512
4620,6858,8173
4621,7745,8064
4622,8533,7328
4623,9346,7434
4624,8934,7363
4625,8879,7546
4626,7903,8309
4627,7113,8145
4628,7291,8117
4629,7813,7877
4630,8663,7601
4631,9106,7321
4632,9566,7185
4633,8923,7555
4634,7962,8048
4635,6879,8112
4636,7279,8269
4637,7720,7769
4638,8425,7331
4639,9207,7419
4640,9110,7300
4641,9199,7594
4642,7807,8147
4643,6930,8227
4644,7053,8327
4645,8077,8030
4646,8240,7385
4647,9003,7334
4648,9637,7361
4649,8444,7636
4650,8102,8133
4651,7194,8242
4652,7116,8071
4653,7544,7960
4654,8582,7589
4655,9560,7228
4656,9284,7302
4657,9022,7566
4658,7931,8319
4659,7150,8155
4660,6982,8280
4661,7928,7797
4662,8329,7569
4663,9187,7369
4664,9573,7372
4665,8630,8070
4666,7476,7906
4667,7433,8325
4668,6942,8273
4669,7747,7938
4670,8510,7453
4671,9274,7301
4672,9484,7324
4673,8882,7469
4674,7976,8262
4675,7221,8309
4676,7186,8114
4677,7783,7907
4678,8354,7527
4679,9297,7294
4680,9289,7321
4681,9502,7751
4682,7884,8526
4683,6888,8276
4684,7263,8102
4685,8018,7990
4686,8223,7517
4687,9105,7167
4688,9324,7226
4689,9019,7665
4690,8457,8281
4691,6920,8290
4692,7090,8264
4693,7738,7994
4694,7999,7236
4695,9357,7436
4696,9260,7145
4697,8452,7790
4698,8090,8076
4699,7493,8550
4700,6645,8069
4701,7889,8197
4702,8578,7530
4703,9058,7139
4704,9451,7388
4705,9076,7613
4706,8264,8117
4707,6942,7980
4708,7060,8347
4709,7810,8085
4710,8459,7679
4711,9466,7399
4712,9302,7264
4713,8554,7459
4714,8041,8090
4715,7111,8347
4716,7176,8346
4717,7956,7899
4718,8316,7292
4719,9007,7276
4720,9572,7449
4721,9068,7614
4722,7925,8307
4723,7292,8403
4724,7039,8083
4725,7515,7863
4726,8599,7527
4727,9185,7303
4728,9573,7225
4729,8737,7955
4730,8071,8155
4731,7287,8229
4732,6929,8145
4733,7521,7889
4734,8460,7406
4735,9199,7321
4736,9609,7438
4737,9055,7568
4738,8306,8222
4739,6776,8278
4740,7194,8222
4741,7765,8061
4742,8501,7534
4743,9219,7175
4744,9400,7149
4745,8966,7534
4746,7966,8204
4747,7522,8380
4748,6855,8169
4749,7616,7883
4750,8814,7623
4751,8912,7071
4752,9466,7259
4753,9311,7898
4754,8102,8084
4755,7062,8226
4756,7179,8242
4757,8076,7980
4758,8267,7387
4759,9289,7403
4760,9044,7385
4761,8858,7474
4762,8145,8141
4763,7124,8354
4764,7234,8415
4765,7736,7965
4766,8452,7320
4767,8994,7172
4768,9679,7513
4769,8584,7716
4770,8072,8208
4771,7000,8129
4772,6876,8106
4773,7633,7780
4774,8772,7851
4775,9218,7218
4776,9220,7181
4777,9546,7870
4778,7805,8132
4779,7158,8191
4780,7211,8376
4781,7573,7812
4782,8379,7534
4783,9363,7381
4784,9630,7321
4785,9160,7844
4786,7687,7925
4787,7334,8166
4788,7171,8179
4789,7831,8001
4790,8404,7335
4791,9015,7269
4792,9625,7492
4793,8896,7854
4794,8173,8170
4795,6985,8090
4796,7277,8118
4797,7600,7961
4798,8488,7696
4799,9156,7303
4800,9494,7384
4801,9213,7786
4802,7958,8115
4803,6836,8116
4804,6873,8062
4805,7924,8066
4806,8693,7533
4807,9107,7317
4808,9394,7471
4809,8760,7677
4810,8243,8114
4811,6850,8404
4812,7131,8280
4813,7525,7857
4814,8389,7394
4815,9297,7207
4816,9500,7285
4817,8520,7707
4818,8259,8096
4819,7313,8500
4820,6948,8118
4821,7915,7906
4822,8528,7347
4823,9161,7271
4824,9548,7350
4825,9058,7488
4826,7764,8414
4827,7217,8395
4828,7435,8223
4829,7500,8027
4830,8500,7546
4831,8980,7138
4832,9773,7332
4833,9094,7557
4834,7783,8184
4835,7059,8347
4836,7104,8188
4837,7823,8038
4838,7996,7575
4839,9256,7378
4840,9676,7538
4841,9061,7467
4842,7781,8292
4843,7050,8155
4844,7367,8114
4845,7638,7788
4846,8423,7642
4847,9305,7367
4848,9425,7174
4849,8864,7963
4850,8113,8157
4851,7210,8212
4852,7116,8285
4853,7820,7873
4854,8276,7309
4855,9061,7386
4856,9743,7518
4857,8623,7854
4858,8161,8391
4859,7173,8272
4860,7257,8164
4861,7526,7996
4862,8482,7481
4863,9160,7213
4864,9429,7166
4865,9033,7523
4866,8365,8380
4867,6860,8323
4868,7159,8267
4869,7749,7842
4870,8770,7898
4871,8736,7127
4872,9375,7198
4873,8535,7762
4874,8523,8221
4875,7370,8361
4876,7086,8210
4877,7807,7983
4878,8463,7621
4879,9328,7286
4880,9217,7183
4881,8546,7713
4882,7766,8025
4883,7919,8589
4884,6881,8315
4885,7857,7817
4886,8395,7462
4887,9120,7329
4888,9705,7430
4889,8871,7760
4890,8245,8074
4891,7226,8155
4892,6963,8199
4893,7748,7809
4894,8591,7739
4895,9265,7393
4896,9845,7400
4897,8610,7832
4898,8003,7991
4899,7169,8516
4900,7033,8377
4901,7813,8013
4902,8378,7406
4903,8916,7097
4904,9586,7409
4905,8931,7572
4906,8110,8265
4907,7163,8282
4908,7187,8155
4909,7928,8019
4910,8356,7462
4911,8910,7196
4912,9318,7266
4913,9555,7697
4914,8336,8312
4915,6714,8216
4916,6716,8133
4917,7686,7837
4918,8508,7645
4919,9305,7323
4920,9466,7365
4921,8500,7563
4922,8409,8375
4923,6989,8217
4924,7222,8286
4925,7575,8025
4926,8390,7416
4927,9123,7245
4928,9670,7365
4929,8651,7545
4930,7880,8202
4931,7472,8291
4932,7145,8332
4933,7495,7932
4934,8686,7624
4935,9136,7336
4936,9188,7226
4937,9199,7598
4938,7976,8105
4939,7349,8453
4940,6917,8212
4941,7923,7945
4942,8318,7554
4943,9136,7345
4944,9366,7403
4945,9153,7589
4946,7929,8212
4947,7514,8419
4948,7081,8229
4949,7753,8003
4950,8492,7648
4951,8845,7276
4952,9285,6965
4953,8728,7831
4954,7946,7978
4955,7509,8517
4956,6969,8221
4957,7702,8208
4958,8621,7687
4959,9277,7150
4960,9105,7178
4961,9414,7770
4962,8108,8136
4963,6820,8275
4964,6950,8300
4965,7983,8085
4966,8113,7281
4967,9199,7354
4968,9316,7385
4969,9043,7661
4970,7969,8189
4971,7409,8396
4972,7135,8006
4973,7793,8061
4974,8501,7449
4975,9243,7398
4976,9383,7392
4977,8909,7462
4978,8070,8153
4979,7300,8293
4980,6793,8052
4981,7735,7981
4982,8151,7430
4983,9294,7207
4984,9375,7334
4985,8881,7632
4986,8397,8222
4987,7218,8231
4988,6903,8033
4989,7852,7915
4990,8417,7676
4991,9104,7324
4992,9254,7290
4993,8621,7682
4994,8371,8189
4995,7036,8445
4996,7032,8321
4997,7691,7913
4998,8337,7425
4999,8952,7243
5000,10058,7620
5001,8389,7568
5002,7937,7998
5003,7437,8414
5004,6998,8093
5005,8018,7872
5006,8283,7467
5007,9094,7325
5008,9475,7309
5009,8813,7554
5010,8120,8284
5011,6947,8191
5012,7246,8357
5013,7672,8139
5014,8302,7594
5015,9061,7207
5016,9343,7080
5017,9435,7641
5018,7477,8138
5019,7459,8341
5020,6869,8101
5021,7632,8084
5022,8767,7775
5023,9199,7230
5024,9240,7225
5025,8674,7459
5026,8373,8221
5027,6768,8176
5028,7099,8346
5029,7456,7898
5030,8429,7361
5031,8857,7249
5032,9811,7322
5033,8800,7927
5034,7781,7913
5035,7230,8502
5036,6816,8270
5037,7912,7919
5038,8523,7547
5039,9120,7360
5040,9385,7300
5041,8847,7819
5042,7739,8037
5043,7400,8354
5044,7130,8236
5045,7525,7921
5046,8297,7633
5047,9212,7376
5048,9656,7290
5049,8511,7694
5050,8205,8103
5051,7390,8296
5052,6959,8176
5053,7799,7800
5054,8514,7630
5055,8986,7251
5056,9506,7563
5057,8458,7625
5058,8191,8158
5059,7381,8098
5060,7159,8312
5061,7723,7895
5062,8445,7598
5063,9004,7226
5064,9707,7410
5065,9192,7578
5066,7735,8007
5067,7170,8290
5068,7098,8118
5069,7519,7747
5070,8550,7794
5071,9197,7316
5072,9514,7290
5073,8625,7758
5074,8208,8280
5075,7195,8302
5076,7026,8341
5077,7528,7968
5078,8682,7461
5079,9218,7404
5080,9476,7313
5081,9145,7546
5082,7740,8356
5083,6815,8173
5084,7018,8224
5085,7886,8085
5086,8292,7570
5087,9294,7384
5088,9322,7389
5089,9494,7619
5090,7511,8159
5091,7285,8366
5092,6900,8145
5093,7704,7847
5094,8485,7585
5095,9143,7156
5096,9704,7534
5097,8822,7398
5098,7712,8211
5099,6916,8055
5100,6998,8234
5101,8061,8021
5102,8334,7319
5103,9246,7247
5104,9117,7183
5105,9364,7730
5106,7799,7985
5107,7602,8467
5108,7007,8231
5109,7869,7850
5110,8400,7676
5111,9181,7226
5112,9469,7318
5113,8753,7691
5114,8285,8051
5115,7285,8306
5116,7071,8124
5117,7442,7843
5118,8644,7699
5119,9062,7161
5120,9614,7367
5121,8749,7393
5122,8281,8280
5123,6913,8160
5124,6843,8164
5125,7924,8134
5126,8199,7438
5127,9059,7298
5128,9647,7095
5129,8981,7562
5130,8102,8122
5131,7150,8226
5132,6890,8264
5133,7546,8002
5134,8493,7746
5135,9060,7032
5136,9242,7354
5137,8802,7486
5138,8325,8210
5139,7429,8360
5140,6778,8270
5141,7969,8133
5142,8406,7457
5143,9026,7276
5144,9412,7166
5145,9026,7660
5146,7880,8075
5147,7451,8393
5148,7115,8115
5149,7670,8029
5150,8691,7878
5151,8923,7165
5152,9353,7281
5153,9310,7573
5154,8066,8312
5155,6952,8144
5156,7133,8254
5157,7889,8049
5158,7915,7291
5159,9319,7367
5160,9142,7125
5161,9223,7734
5162,8267,8014
5163,7495,8439
5164,6649,8098
5165,7777,8038
5166,8489,7536
5167,8952,7325
5168,9677,7329
5169,8961,7438
5170,8245,8207
5171,7128,8211
5172,6908,8260
5173,8088,7937
5174,8185,7652
5175,9175,7181
5176,9612,7311
5177,8568,7673
5178,7990,8099
5179,7389,8350
5180,7059,8251
5181,7703,7868
5182,8369,7673
5183,9254,7351
5184,9132,7244
5185,9320,7642
5186,7997,8132
5187,7258,8230
5188,7033,8244
5189,7644,7900
5190,8341,7537
5191,9422,7619
5192,9438,7271
5193,8819,7705
5194,8241,8066
5195,7322,8520
5196,6831,8182
5197,7673,8119
5198,8517,7630
5199,9070,7296
5200,9471,7399
5201,8440,7702
5202,8321,8161
5203,7526,8253
5204,6888,8101
5205,7425,7744
5206,8677,7963
5207,9160,7199
5208,9279,7209
5209,8382,7598
5210,8104,8289
5211,7241,8164
5212,7350,8510
5213,7784,7892
5214,8445,7744
5215,9241,7483
5216,9030,7058
5217,9492,7806
5218,7807,8089
5219,7123,8298
5220,7061,8198
5221,7887,8087
5222,8116,7556
5223,9251,7370
5224,9448,7318
5225,9111,7488
5226,7953,8063
5227,7266,8416
5228,6890,8047
5229,7589,8136
5230,8349,7515
5231,9196,7240
5232,9796,7418
5233,8209,7769
5234,8320,8241
5235,7345,8233
5236,7372,8188
5237,7528,7826
5238,8605,7684
5239,9111,7191
5240,9280,7354
5241,9346,7566
5242,7910,8531
5243,7014,8164
5244,7309,8243
5245,7888,8097
5246,8425,7632
5247,8968,7185
5248,9457,7207
5249,9246,7690
5250,8071,7896
5251,7336,8494
5252,6753,8254
5253,7768,7930
5254,8559,7895
5255,9191,7518
5256,9323,7349
5257,8755,7669
5258,8316,8076
5259,7227,8438
5260,6854,8264
5261,7468,7915
5262,8353,7514
5263,9339,7360
5264,9138,7222
5265,9308,7592
5266,7672,8178
5267,7298,8357
5268,6965,8206
5269,7821,7976
5270,8409,7308
5271,9283,7320
5272,9426,7438
5273,8625,7526
5274,8290,8000
5275,7294,8325
5276,7102,8211
5277,7585,7935
5278,8489,7474
5279,9011,7332
5280,9276,7458
5281,9044,7698
5282,8061,8056
5283,7630,8323
5284,6750,8104
5285,7809,7848
5286,8396,7361
5287,9166,7278
5288,9518,7418
5289,8779,7892
5290,8332,8308
5291,7045,8145
5292,7247,8224
5293,7658,7942
5294,8455,7613
5295,9058,7277
5296,9262,7087
5297,9335,7690
5298,8018,8138
5299,7346,8360
5300,7126,8359
5301,7670,7943
5302,8408,7582
5303,9034,7245
5304,9537,7329
5305,8756,7465
5306,8260,8193
5307,7265,8238
5308,7078,8232
5309,7378,7798
5310,8369,7824
5311,9205,7318
5312,9275,7299
5313,9267,7637
5314,7696,8316
5315,7691,8491
5316,6804,8268
5317,7783,8055
5318,8224,7520
5319,9192,7316
5320,9112,7136
5321,9213,7535
5322,7932,8091
5323,7426,8230
5324,6890,8154
5325,7609,7968
5326,8689,7763
5327,8976,7270
5328,9338,7333
5329,8481,7413
5330,8256,8304
5331,7396,8099
5332,7347,8317
5333,7775,7925
5334,8451,7633
5335,8848,7368
5336,9255,7319
5337,9074,7661
5338,8299,8003
5339,7345,8419
5340,6649,8078
5341,7670,7804
5342,8410,7714
5343,9342,7200
5344,9277,7283
5345,9184,7472
5346,8032,8104
5347,6890,8040
5348,6956,8108
5349,7618,7846
5350,8367,7718
5351,8788,7265
5352,9419,7405
5353,8990,7623
5354,8139,8213
5355,7159,8299
5356,6947,8265
5357,7846,7945
5358,8331,7747
5359,9218,7284
5360,9206,7221
5361,9536,7753
5362,7956,8051
5363,7028,8417
5364,7039,8316
5365,7848,8025
5366,8552,7473
5367,9156,7312
5368,9487,7286
5369,8827,7650
5370,8398,8146
5371,7086,8416
5372,6917,8182
5373,7618,7935
5374,8378,7713
5375,9209,7348
5376,9158,7205
5377,8602,7465
5378,8698,8273
5379,7176,8194
5380,7012,8021
5381,7713,8224
5382,8304,7474
5383,9297,7317
5384,9335,7169
5385,8833,7452
5386,8103,8237
5387,7162,8179
5388,7465,8439
5389,7633,8153
5390,8277,7528
5391,8980,7286
5392,9193,7144
5393,9215,7844
5394,8035,8042
5395,7539,8347
5396,6835,8008
5397,7692,7835
5398,8360,7800
5399,9197,7275
5400,9390,7315
5401,9166,7510
5402,8153,8044
5403,6891,8335
5404,7060,8209
5405,7650,8142
5406,8517,7664
5407,9083,7175
5408,9733,7398
5409,9047,7611
5410,7966,8052
5411,7257,8430
5412,6935,8266
5413,7809,7925
5414,8469,7587
5415,9207,7267
5416,9140,7136
5417,9401,7712
5418,7916,8139
5419,7290,8320
5420,7009,8189
5421,7586,7826
5422,8650,7617
5423,8807,7216
5424,9476,7637
5425,9051,7473
5426,8459,8267
5427,6797,8259
5428,7089,8303
5429,7427,7947
5430,8569,7749
5431,9106,7277
5432,9414,7288
5433,8946,7497
5434,8512,8140
5435,7144,8324
5436,7086,8261
5437,7860,7867
5438,8231,7594
5439,9201,7310
5440,9358,7408
5441,8534,7411
5442,8132,8060
5443,7748,8361
5444,6702,8270
5445,7688,7914
5446,8292,7414
5447,9344,7314
5448,9211,7195
5449,9034,7564
5450,7954,8003
5451,7493,8411
5452,6917,8096
5453,7675,7962
5454,8508,7803
5455,9133,7494
5456,9440,7262
5457,9129,7567
5458,7992,8126
5459,7298,8110
5460,7151,8212
5461,7264,7956
5462,8667,7478
5463,9037,7358
5464,9493,7340
5465,8918,7463
5466,7874,7897
5467,7444,8380
5468,7094,8318
5469,7696,8164
5470,8315,7485
5471,9114,7261
5472,9296,7390
5473,9060,7524
5474,8071,8145
5475,7490,8411
5476,6843,8207
5477,7775,7911
5478,8537,7650
5479,8643,7255
5480,9602,7447
5481,8941,7670
5482,8392,8042
5483,7468,8470
5484,6856,8129
5485,7497,7846
5486,8338,7555
5487,9209,7486
5488,9458,7325
5489,8694,7519
5490,8320,8385
5491,7321,8204
5492,7188,8296
5493,7753,8144
5494,8446,7490
5495,9000,7251
5496,9169,7135
5497,9246,7445
5498,7931,8176
5499,7210,8411
5500,7067,8191
5501,7589,8023
5502,8605,7848
5503,8892,7371
5504,9561,7375
5505,8664,7608
5506,8640,8211
5507,7004,8199
5508,7065,8199
5509,7716,7841
5510,8475,7751
5511,9048,7295
5512,9021,7069
5513,9069,7514
5514,8319,8041
5515,7091,8582
5516,7158,8411
5517,7947,8041
5518,8210,7751
5519,8761,7234
5520,9629,7275
5521,8804,7495
5522,7937,8152
5523,7245,8127
5524,7145,8166
5525,7631,8003
5526,8528,7753
5527,9099,7325
5528,9509,7406
5529,9314,7720
5530,7845,8066
5531,7097,8175
5532,7288,8150
5533,7419,7983
5534,8495,7666
5535,8984,7095
5536,9558,7394
5537,9580,7686
5538,7857,8188
5539,7306,8289
5540,6885,8318
5541,7859,7901
5542,8180,7407
5543,8891,7250
5544,9842,7476
5545,8682,7725
5546,8378,8105
5547,7377,8311
5548,6999,8117
5549,7485,8005
5550,8464,7580
5551,8798,7236
5552,9860,7358
5553,9150,7383
5554,7957,8391
5555,6887,8084
5556,7172,8167
5557,7501,7898
5558,8406,7735
5559,9172,7238
5560,9568,7334
5561,8967,7667
5562,7941,8161
5563,7225,8286
5564,7365,8215
5565,7657,7829
5566,8236,7669
5567,8957,7333
5568,9441,7295
5569,9062,7316
5570,7959,7996
5571,7309,8332
5572,7116,8268
5573,7707,8206
5574,8462,7707
5575,8856,7223
5576,9744,7338
5577,8896,7478
5578,7840,8069
5579,7621,8278
5580,7123,8377
5581,7821,7915
5582,8427,7692
5583,9036,7385
5584,9352,7369
5585,9253,7445
5586,8385,8263
5587,7128,8291
5588,6834,8055
5589,7910,7955
5590,8408,7601
5591,9094,7347
5592,9682,7257
5593,8752,7753
5594,8349,8214
5595,6775,8281
5596,7297,8327
5597,7346,7952
5598,8587,7554
5599,9154,7255
5600,9496,7230
5601,9187,7666
5602,7905,7990
5603,7070,8348
5604,6913,8321
5605,7847,7870
5606,8589,7642
5607,8968,7434
5608,9410,7228
5609,8634,7701
5610,8089,8082
5611,7453,8395
5612,7177,8253
5613,7703,7819
5614,8453,7567
5615,9235,7322
5616,9504,7357
5617,8966,7573
5618,7968,8076
5619,7419,8238
5620,7035,8309
5621,7756,7953
5622,8364,7476
5623,9089,7210
5624,9494,7395
5625,9447,7670
5626,8309,8213
5627,6843,8391
5628,6864,8285
5629,7578,8051
5630,8683,7592
5631,9048,7444
5632,9513,7079
5633,9076,7538
5634,7809,8030
5635,7234,8271
5636,6996,8341
5637,7862,7868
5638,8221,7771
5639,9061,7167
5640,9446,7269
5641,8792,7686
5642,8220,8176
5643,7305,8316
5644,7107,8170
5645,7651,8212
5646,8013,7226
5647,9317,7158
5648,9615,7496
5649,8914,7374
5650,8239,8349
5651,6874,7949
5652,7158,8259
5653,7866,8178
5654,8070,7445
5655,9542,7313
5656,9338,7185
5657,8971,7747
5658,7755,7942
5659,7574,8439
5660,6644,8088
5661,7856,8106
5662,8459,7560
5663,8843,7372
5664,9413,7226
5665,8938,7625
5666,8127,8115
5667,7361,8320
5668,6792,8123
5669,7745,8065
5670,8389,7509
5671,9181,7228
5672,9708,7447
5673,8982,7433
5674,8146,8402
5675,7250,8206
5676,7308,8281
5677,7849,7861
5678,8515,7555
5679,9101,7197
5680,9509,7298
5681,9134,7456
5682,8030,8155
5683,7526,8317
5684,7046,8221
5685,7569,7918
5686,8477,7632
5687,9160,7277
5688,9905,7577
5689,8794,7412
5690,8003,7992
5691,7830,8385
5692,6862,8184
5693,7677,7875
5694,8493,7827
5695,9366,7282
5696,9138,7250
5697,8923,7700
5698,8192,8216
5699,7428,8147
5700,7026,8287
5701,7752,7725
5702,8255,7486
5703,9162,7352
5704,9388,7352
5705,9063,7726
5706,7971,8004
5707,7300,8328
5708,7157,8246
5709,7536,8060
5710,8219,7457
5711,9095,7361
5712,9433,7289
5713,8744,7682
5714,8433,8203
5715,7390,8514
5716,6753,8104
5717,7502,8071
5718,8642,7582
5719,8907,7208
5720,9773,7462
5721,8772,8010
5722,8199,8095
5723,7111,8348
5724,7109,8297
5725,7403,7939
5726,8517,7750
5727,9213,7322
5728,9567,7403
5729,8794,7368
5730,8053,7855
5731,7362,8238
5732,7080,8225
5733,7837,8037
5734,8609,7765
5735,8972,7190
5736,9403,7343
5737,8500,7604
5738,7943,8052
5739,7830,8449
5740,6923,8228
5741,7872,7982
5742,8581,7866
5743,9121,7376
5744,9233,7237
5745,8842,7659
5746,8158,7978
5747,7329,8526
5748,6981,8343
5749,7486,7981
5750,8577,7453
5751,9112,7434
5752,9445,7202
5753,9288,7670
5754,8166,8122
5755,7269,8258
5756,6990,8346
5757,7787,8015
5758,8206,7692
5759,9400,7391
5760,9245,7318
5761,9210,7574
5762,8129,8307
5763,7479,8347
5764,6822,8205
5765,8054,8119
5766,8252,7705
5767,9018,7350
5768,9301,7166
5769,9197,7638
5770,7769,8148
5771,7642,8543
5772,6890,8040
5773,7706,8144
5774,8545,7844
5775,8548,7242
5776,9600,7236
5777,8598,7507
5778,7950,8069
5779,7492,8349
5780,6879,8348
5781,7890,8004
5782,8242,7522
5783,9458,7322
5784,9293,7412
5785,9195,7671
5786,8438,8050
5787,7258,8332
5788,6880,8191
5789,7657,8063
5790,8269,7755
5791,9092,7358
5792,9353,7162
5793,8808,7494
5794,8307,8243
5795,7293,8283
5796,7050,8294
5797,7809,7945
5798,8538,7735
5799,9002,7197
5800,9690,7348
5801,9157,7459
5802,7522,8077
5803,7455,8346
5804,7255,8286
5805,7580,7985
5806,8729,7779
5807,8827,7260
5808,9422,7457
5809,9312,7541
5810,8411,8087
5811,6960,8285
5812,7021,8347
5813,7685,8031
5814,8232,7479
5815,9190,7385
5816,9675,7433
5817,8663,7703
5818,7973,8023
5819,7426,8276
5820,6914,8194
5821,7613,8025
5822,8474,7720
5823,9416,7360
5824,9305,7304
5825,8584,7652
5826,7969,8140
5827,7840,8454
5828,7054,8292
5829,7519,8022
5830,8421,7711
5831,9013,7349
5832,9472,7379
5833,8806,7683
5834,8148,8175
5835,7710,8405
5836,6868,8266
5837,7724,8003
5838,8199,7349
5839,8948,7160
5840,10048,7572
5841,8836,7464
5842,8070,8156
5843,7013,8302
5844,7124,8307
5845,7882,8052
5846,8138,7300
5847,8861,7076
5848,9522,7526
5849,9251,7475
5850,8209,8215
5851,7158,8270
5852,6720,8151
5853,8068,8236
5854,8352,7482
5855,8804,7284
5856,9706,7102
5857,8476,7652
5858,8197,8177
5859,6676,7921
5860,7444,8540
5861,7749,7982
5862,8580,7785
5863,9062,7161
5864,9325,7336
5865,8839,7619
5866,7751,7958
5867,7374,8326
5868,6971,8099
5869,8022,8210
5870,8262,7753
5871,9170,7429
5872,9369,7155
5873,8687,7603
5874,8628,8264
5875,7025,8120
5876,7086,8401
5877,7612,7866
5878,8590,7917
5879,8791,7249
5880,9338,7114
5881,9464,7572
5882,7725,8115
5883,7537,8355
5884,6917,8312
5885,7679,7965
5886,8511,7648
5887,8899,7107
5888,9445,7321
5889,9207,7424
5890,7865,8014
5891,7379,8342
5892,7010,8292
5893,7574,8056
5894,8273,7514
5895,9105,7101
5896,9715,7454
5897,9059,7547
5898,7651,8211
5899,7458,8387
5900,7105,8237
5901,7618,8151
5902,8134,7341
5903,9038,7315
5904,9205,7116
5905,9028,7762
5906,8331,7982
5907,7404,8583
5908,6781,8038
5909,7952,8049
5910,8551,7878
5911,9058,7197
5912,9536,7330
5913,8922,7752
5914,8531,8160
5915,6963,8255
5916,6898,8236
5917,7702,7911
5918,8512,7639
5919,9154,7252
5920,9610,7443
5921,8871,7404
5922,7807,8150
5923,7277,8406
5924,6880,8204
5925,7447,7822
5926,8464,7744
5927,9006,7418
5928,9823,7377
5929,8860,7346
5930,7764,7997
5931,7615,8237
5932,6893,8268
5933,7545,8109
5934,8484,7798
5935,9022,7267
5936,9469,7248
5937,9071,7434
5938,8202,8118
5939,7469,8391
5940,6721,8115
5941,7783,7950
5942,8444,7802
5943,8972,7333
5944,9572,7489
5945,8973,7554
5946,8565,8295
5947,6934,8153
5948,7383,8108
5949,7417,7885
5950,8433,7656
5951,8974,7458
5952,9774,7202
5953,8876,7680
5954,8172,8099
5955,7384,8235
5956,7050,8123
5957,7450,7866
5958,8310,7544
5959,9003,7183
5960,9665,7486
5961,9417,7488
5962,8107,8204
5963,7238,8217
5964,7114,8110
5965,7399,7941
5966,8484,7766
5967,8807,7102
5968,9332,7145
5969,9001,7726
5970,8255,8229
5971,7273,8264
5972,7237,8406
5973,7705,8144
5974,8512,7560
5975,8635,7090
5976,9684,7277
5977,9002,7550
5978,8276,8270
5979,7436,8326
5980,6944,8261
5981,7758,8252
5982,8486,7559
5983,8807,7206
5984,9471,7127
5985,8822,7468
5986,7988,8057
5987,7333,8328
5988,7192,8532
5989,7442,7989
5990,8741,7830
5991,8871,7014
5992,9449,7265
5993,8988,7372
5994,8127,8244
5995,7320,8239
5996,6828,8314
5997,7702,8033
5998,8294,7507
5999,9307,7164
6000,9445,7304
6001,9422,7814
6002,7683,8137
6003,7457,8384
6004,6825,8237
6005,7903,8198
6006,7879,7516
6007,9201,7304
6008,9489,7434
6009,8916,7451
6010,8126,8086
6011,7438,8265
6012,7043,8327
6013,7582,7952
6014,8381,7598
6015,9121,7363
6016,9462,7372
6017,8912,7494
6018,8303,8043
6019,7186,8334
6020,7088,8378
6021,7224,7932
6022,8526,7469
6023,9086,7200
6024,9440,7390
6025,8899,7683
6026,7912,8135
6027,7397,8314
6028,6745,8109
6029,7693,7858
6030,8452,7793
6031,8734,7092
6032,9516,7543
6033,9218,7537
6034,8423,8226
6035,6778,8129
6036,7176,8171
6037,7927,8131
6038,8213,7635
6039,9051,7303
6040,9415,7250
6041,9060,7739
6042,7938,8094
6043,7509,8280
6044,7213,8322
6045,7411,7846
6046,8272,7565
6047,9240,7275
6048,9571,7288
6049,9347,7474
6050,7959,8200
6051,7486,8318
6052,7041,8237
6053,7458,7983
6054,8182,7718
6055,9075,7332
6056,9369,7067
6057,9013,7713
6058,8107,7922
6059,7206,8550
6060,7039,8205
6061,7832,8263
6062,8329,7750
6063,8699,7071
6064,9416,7388
6065,8797,7629
6066,8381,8210
6067,7384,8294
6068,6854,8083
6069,7894,8119
6070,8123,7279
6071,9270,7337
6072,9346,7189
6073,8824,7677
6074,7969,8141
6075,7546,8377
6076,6983,8103
6077,7753,8159
6078,8024,7405
6079,9407,7407
6080,9222,7233
6081,8889,7659
6082,8379,8130
6083,7357,8282
6084,6982,8027
6085,7676,8119
6086,8129,7392
6087,9231,7515
6088,9304,7230
6089,8919,7328
6090,7895,8305
6091,7444,8381
6092,6763,8152
6093,7793,8144
6094,8632,7508
6095,8963,7278
6096,9600,7318
6097,8989,7776
6098,8144,7982
6099,7453,8099
6100,6978,8028
6101,7498,8145
6102,8303,7599
6103,9009,7256
6104,9473,7397
6105,9360,7544
6106,7859,8162
6107,7259,8318
6108,7181,8247
6109,7628,7784
6110,8262,7643
6111,9017,7088
6112,9595,7404
6113,9138,7522
6114,7862,8011
6115,6995,8306
6116,7154,8333
6117,7581,8157
6118,8523,7628
6119,9011,7180
6120,9490,7387
6121,9224,7442
6122,8009,8274
6123,7610,8285
6124,6782,8111
6125,7475,7813
6126,8589,7628
6127,8687,7155
6128,9553,7405
6129,9227,7778
6130,8352,8391
6131,7183,8141
6132,6989,8328
6133,7711,7991
6134,8600,7553
6135,8776,7137
6136,9480,7280
6137,9542,7661
6138,7985,8091
6139,7651,8321
6140,6781,8192
6141,7640,8082
6142,8140,7499
6143,9341,7489
6144,9596,7388
6145,8844,7561
6146,8211,7942
6147,7354,8460
6148,6682,8094
6149,7741,8120
6150,8484,7646
6151,8636,7167
6152,9583,7203
6153,8690,7485
6154,8355,8258
6155,7307,8188
6156,7112,8279
6157,7847,8123
6158,8020,7507
6159,9463,7290
6160,9108,7066
6161,9549,7690
6162,7675,7854
6163,7838,8459
6164,7030,8149
6165,7653,8165
6166,8338,7701
6167,8589,7168
6168,9705,7315
6169,8607,7567
6170,8309,8228
6171,7252,8222
6172,6958,8100
6173,7249,7920
6174,8665,7733
6175,9221,7218
6176,9451,7142
6177,8912,7621
6178,7794,8098
6179,7802,8342
6180,6981,8220
6181,7448,8014
6182,8497,7735
6183,9213,7107
6184,9272,7276
6185,9135,7540
6186,8214,7929
6187,7314,8426
6188,6978,8226
6189,7637,8147
6190,8224,7200
6191,8807,7371
6192,9757,7390
6193,8920,7358
6194,7908,7994
6195,7863,8534
6196,6694,8170
6197,7677,8231
6198,8461,7640
6199,9003,7183
6200,9119,7181
6201,9398,7467
6202,8061,8421
6203,7400,8210
6204,7099,8438
6205,7362,7888
6206,8514,7644
6207,9137,7269
6208,9474,7301
6209,8923,7609
6210,8547,8100
6211,6967,8432
6212,6986,8323
6213,7536,7965
6214,8373,7678
6215,9132,7628
6216,9234,7316
6217,8962,7358
6218,7787,8117
6219,7534,8332
6220,7066,8440
6221,7608,8286
6222,8424,7530
6223,8804,7363
6224,9501,7373
6225,8704,7482
6226,8526,8160
6227,7199,8153
6228,6834,8268
6229,7461,7929
6230,8530,7902
6231,9058,7390
6232,9258,7382
6233,9518,7578
6234,7956,7941
6235,7460,8323
6236,6916,8163
6237,7350,7916
6238,8296,7582
6239,9054,7228
6240,9571,7180
6241,8978,7646
6242,8425,8200
6243,7247,8207
6244,7044,8309
6245,7569,7822
6246,8221,7640
6247,9331,7387
6248,9191,7150
6249,9376,7655
6250,7939,8047
6251,7690,8365
6252,7095,8405
6253,7658,8031
6254,8123,7645
6255,9119,7154
6256,9388,7221
6257,8854,7604
6258,8644,8141
6259,7203,8456
6260,7064,8340
6261,7764,8089
6262,8061,7325
6263,9240,7275
6264,9339,7346
6265,9015,7282
6266,8193,8162
6267,7412,8380
6268,6825,8216
6269,7891,8134
6270,8257,7742
6271,8876,7191
6272,9415,7277
6273,8573,7494
6274,8198,7965
6275,7712,8516
6276,6903,8165
6277,7545,7950
6278,8542,7850
6279,9068,7298
6280,9303,7340
6281,8768,7452
6282,8815,8334
6283,7224,8157
6284,7031,8309
6285,7238,7805
6286,8566,7825
6287,8891,7222
6288,9391,7293
6289,9246,7719
6290,7958,7798
6291,7204,8427
6292,6938,8223
6293,7634,8151
6294,8333,7705
6295,9189,7280
6296,9432,7273
6297,9175,7630
6298,8153,7967
6299,7634,8486
6300,6647,8117
6301,7607,8013
6302,8483,7410
6303,9077,7385
6304,9468,7264
6305,8647,7600
6306,8524,8065
6307,7093,8152
6308,6868,8271
6309,7739,8004
6310,8259,7335
6311,8926,7372
6312,9374,7368
6313,9468,7623
6314,8146,8059
6315,7532,8196
6316,7036,8291
6317,7718,7914
6318,8314,7693
6319,9140,7353
6320,9410,7209
6321,8604,7509
6322,8468,8118
6323,7143,8226
6324,7056,8164
6325,7698,7977
6326,8040,7468
6327,9130,7426
6328,9631,7450
6329,8620,7288
6330,8392,8224
6331,7022,8147
6332,6849,8163
6333,7617,8044
6334,8445,7910
6335,8866,7325
6336,9332,7192
6337,9331,7754
6338,8421,8087
6339,7080,8181
6340,7157,8267
6341,7464,7900
6342,8412,7565
6343,9057,7394
6344,9473,7437
6345,8844,7694
6346,8266,8009
6347,7167,8443
6348,7058,8288
6349,7360,7973
6350,8317,7624
6351,9019,7315
6352,9650,7357
6353,9377,7529
6354,7858,8146
6355,7182,8307
6356,7044,8300
6357,7617,8105
6358,8370,7558
6359,8784,7283
6360,9405,7337
6361,8748,7429
6362,8159,8001
6363,7714,8462
6364,7132,8217
6365,7819,8042
6366,8068,7694
6367,9025,7414
6368,9666,7297
6369,8955,7771
6370,8284,7990
6371,7492,8285
6372,6868,8124
6373,7701,8257
6374,8104,7516
6375,9193,7546
6376,9393,7422
6377,8786,7351
6378,8577,8259
6379,7201,8038
6380,7106,8455
6381,7586,8266
6382,8525,7761
6383,9023,7387
6384,9247,7189
6385,9344,7659
6386,7704,8034
6387,7423,8347
6388,7311,8417
6389,7803,8153
6390,8257,7516
6391,9049,7347
6392,9332,7093
6393,9406,7610
6394,8197,8149
6395,7496,8338
6396,6683,8094
6397,7752,8028
6398,8378,7458
6399,8933,7220
6400,9561,7298
6401,8613,7625
6402,8712,8078
6403,6928,8231
6404,6962,8155
6405,7495,8125
6406,8529,7763
6407,8889,7403
6408,9457,7364
6409,9188,7469
6410,8446,8253
6411,7287,8230
6412,7142,8039
6413,7616,7934
6414,8283,7527
6415,8928,7270
6416,9713,7346
6417,9208,7385
6418,8022,8341
6419,7300,8234
6420,7131,8184
6421,7552,7968
6422,8453,7704
6423,9055,7278
6424,9421,7103
6425,9063,7434
6426,8627,8095
6427,6766,8211
6428,7021,8258
6429,7860,8006
6430,8336,7876
6431,8572,7058
6432,9906,7473
6433,8534,7454
6434,8445,8084
6435,7475,8436
6436,7031,8221
6437,7681,8132
6438,8163,7613
6439,9129,7281
6440,9467,7319
6441,8971,7401
6442,8019,8019
6443,7429,8297
6444,6827,8177
6445,7590,7918
6446,8768,7786
6447,8760,7272
6448,9531,7199
6449,8995,7387
6450,8360,8220
6451,7072,8266
6452,7162,8214
6453,7591,7949
6454,8390,7911
6455,8884,7421
6456,9147,7091
6457,9130,7559
6458,8363,8167
6459,7619,8224
6460,7080,8333
6461,7663,8018
6462,8235,7730
6463,8867,7372
6464,9562,7365
6465,8634,7244
6466,7974,8112
6467,7659,8293
6468,7093,8301
6469,7500,7974
6470,8503,7404
6471,8973,7152
6472,9360,7523
6473,9202,7481
6474,8528,8053
6475,7052,8484
6476,7055,8371
6477,7405,8153
6478,8340,7399
6479,8957,7183
6480,9641,7400
6481,8464,7387
6482,8437,8145
6483,7458,8378
6484,6997,8038
6485,7531,7966
6486,8186,7706
6487,9305,7271
6488,9613,7417
6489,8764,7769
6490,8642,8139
6491,7163,8278
6492,6985,8036
6493,7755,8168
6494,7984,7747
6495,9051,7151
6496,9487,7426
6497,9277,7426
6498,8295,8296
6499,7155,8213
6500,6956,7978
6501,7741,8302
6502,7576,7392
6503,9047,7227
6504,9223,7139
6505,9373,7488
6506,8001,8318
6507,7534,8374
6508,7117,8405
6509,7462,8026
6510,8107,7750
6511,8910,7046
6512,9460,7242
6513,8712,7658
6514,8417,8102
6515,7242,8381
6516,6769,8192
6517,7854,8126
6518,8518,7645
6519,9195,7453
6520,9273,7318
6521,8905,7623
6522,8453,7930
6523,7337,8648
6524,7122,8310
6525,7438,8116
6526,8524,7716
6527,8899,7366
6528,9451,7168
6529,8987,7468
6530,8170,8034
6531,7299,8247
6532,6825,8185
6533,7535,8175
6534,8086,7465
6535,9288,7357
6536,9125,7311
6537,9375,7645
6538,8395,8187
6539,7202,8267
6540,6810,7863
6541,7733,8165
6542,8120,7753
6543,9451,7418
6544,9482,7358
6545,8473,7401
6546,8557,8174
6547,7629,8289
6548,6985,8099
6549,7568,8195
6550,8235,7560
6551,8999,7317
6552,9401,7355
6553,8804,7207
6554,8535,8217
6555,7006,8042
6556,7095,8440
6557,7560,8133
6558,8645,7762
6559,9010,7191
6560,9645,7403
6561,9006,7784
6562,8096,7858
6563,7176,8462
6564,6826,8242
6565,7851,7992
6566,8198,7900
6567,9043,7277
6568,9427,7322
6569,9305,7535
6570,8150,8057
6571,7669,8248
6572,7110,8309
6573,7686,8157
6574,8429,7765
6575,9016,7306
6576,9159,7298
6577,9299,7513
6578,8111,8290
6579,7416,8358
6580,6885,8162
6581,7881,8014
6582,8073,7691
6583,9269,7308
6584,9030,7174
6585,9275,7735
6586,8337,7947
6587,7354,8184
6588,6839,8111
6589,7817,8084
6590,8170,7508
6591,9305,7519
6592,9412,7342
6593,8773,7777
6594,8353,8035
6595,7078,8172
6596,6828,8054
6597,7905,8278
6598,7982,7658
6599,8753,7277
6600,9488,7333
6601,8818,7668
6602,8186,8054
6603,7531,8281
6604,7094,8519
6605,7677,8270
6606,8408,7685
6607,9016,7374
6608,9371,7223
6609,9166,7352
6610,8135,8203
6611,7434,8267
6612,7094,8445
6613,7458,7997
6614,8281,7678
6615,8967,7386
6616,9318,7242
6617,9061,7687
6618,8492,8181
6619,7264,8342
6620,7260,8322
6621,7209,8013
6622,8281,7428
6623,9111,7404
6624,9567,7529
6625,8890,7429
6626,8374,8071
6627,7478,8234
6628,7023,8087
6629,7640,8047
6630,8310,7609
6631,8860,7237
6632,9619,7402
6633,8896,7274
6634,8529,8120
6635,7356,8191
6636,6833,8217
6637,7391,7737
6638,8358,7819
6639,8875,7204
6640,9827,7406
6641,9020,7723
6642,8043,7824
6643,7466,8387
6644,6737,8229
6645,7397,8075
6646,8740,7875
6647,8968,7091
6648,9337,7401
6649,9103,7672
6650,8554,8043
6651,7383,8437
6652,6930,8215
6653,7763,8119
6654,8372,7877
6655,8806,7391
6656,9419,7194
6657,9627,7634
6658,8002,8126
6659,7698,8421
6660,6715,8251
6661,7600,8043
6662,8161,7608
6663,9150,7413
6664,9307,7310
6665,9222,7527
6666,8457,8078
6667,7291,8450
6668,6688,8207
6669,7887,7994
6670,8438,7788
6671,8886,7287
6672,9550,7287
6673,9081,7417
6674,8012,8042
6675,7586,8241
6676,7216,8305
6677,7553,7918
6678,8177,7573
6679,9083,7432
6680,9164,7362
6681,9089,7472
6682,8651,8196
6683,7436,8294
6684,6885,8281
6685,7541,7865
6686,8208,7585
6687,8816,7369
6688,9550,7210
6689,9090,7659
6690,8557,8163
6691,7691,8500
6692,6790,8219
6693,7545,7956
6694,8165,7514
6695,9126,7522
6696,9541,7341
6697,8981,7376
6698,8045,8039
6699,7821,8354
6700,6876,8326
6701,7729,8128
6702,8333,7924
6703,8987,7207
6704,9275,7210
6705,8994,7402
6706,8207,8151
6707,7594,8345
6708,6953,8312
6709,7837,7853
6710,8431,7665
6711,8966,7340
6712,9603,7342
6713,8813,7526
6714,8416,7966
6715,7616,8402
6716,6925,8339
6717,7540,7931
6718,8308,7845
6719,9104,7291
6720,9501,7343
6721,9081,7422
6722,8425,8111
6723,7520,8408
6724,6929,8168
6725,7578,7850
6726,8305,7716
6727,9075,7325
6728,9265,7374
6729,8380,7494
6730,8623,8079
6731,7061,8239
6732,7127,8319
6733,7768,8127
6734,8318,7654
6735,8919,7252
6736,9432,7398
6737,9214,7235
6738,8266,8105
6739,7137,8333
6740,6673,8145
6741,7490,8052
6742,8498,7731
6743,8742,7121
6744,9688,7515
6745,9026,7267
6746,8516,8197
6747,6883,8213
6748,7103,8287
6749,7472,8126
6750,8456,7521
6751,8752,7139
6752,9397,7259
6753,9364,7550
6754,8449,8154
6755,7319,8398
6756,6628,8066
6757,7989,8224
6758,8111,7603
6759,9215,7406
6760,9296,7228
6761,8992,7271
6762,7828,8179
6763,7406,8319
6764,7102,8555
6765,7896,7982
6766,8402,7503
6767,8652,7074
6768,9734,7452
6769,8804,7464
6770,8429,8125
6771,7435,8298
6772,6952,8221
6773,7433,8067
6774,8163,7558
6775,9028,7288
6776,9716,7511
6777,8809,7376
6778,7843,8047
6779,7534,8328
6780,6839,8188
6781,7884,7911
6782,8645,7882
6783,8701,7228
6784,9415,7362
6785,8561,7615
6786,8826,8165
6787,7006,8237
6788,7103,8234
6789,7610,7930
6790,8151,7642
6791,9328,7398
6792,9261,7327
6793,8957,7398
6794,8351,8026
6795,7384,8446
6796,6894,8150
6797,7710,8030
6798,7976,7610
6799,9005,7200
6800,9398,7195
6801,8756,7522
6802,7855,8026
6803,7465,8263
6804,6861,8256
6805,7373,7939
6806,8712,7661
6807,8983,7230
6808,9277,7422
6809,9293,7506
6810,8041,8059
6811,7472,8430
6812,7147,8251
6813,7637,8099
6814,8551,7842
6815,8661,7056
6816,9382,7325
6817,8856,7508
6818,8339,7979
6819,7782,8432
6820,6677,8178
6821,7755,8080
6822,8136,7461
6823,9227,7228
6824,9610,7413
6825,8632,7750
6826,8656,8151
6827,6986,8274
6828,6988,7994
6829,7618,8171
6830,8341,7707
6831,8993,7097
6832,9783,7462
6833,8470,7374
6834,8316,8165
6835,7353,8342
6836,7080,8185
6837,7597,8199
6838,8218,7413
6839,9202,7224
6840,9582,7334
6841,9166,7404
6842,7978,8338
6843,7179,8078
6844,7459,8438
6845,7307,7797
6846,8357,7827
6847,9042,7289
6848,9268,7261
6849,9500,7625
6850,8019,7917
6851,7388,8206
6852,6973,8222
6853,7794,7730
6854,8428,7661
6855,9154,7412
6856,9496,7314
6857,8813,7595
6858,8345,8037
6859,7116,8434
6860,6896,8326
6861,7426,7919
6862,8384,7562
6863,8990,7491
6864,9605,7208
6865,8646,7608
6866,8192,7974
6867,7421,8459
6868,6889,8257
6869,7772,8030
6870,8060,7757
6871,9228,7454
6872,9485,7227
6873,9249,7502
6874,8157,8140
6875,7452,8377
6876,6711,8133
6877,7542,8143
6878,8064,7703
6879,9074,7364
6880,9433,7208
6881,8778,7505
6882,8472,8137
6883,7285,8385
6884,6675,7964
6885,7840,7996
6886,8258,7830
6887,9181,7460
6888,9612,7344
6889,8996,7349
6890,8278,8198
6891,6919,8242
6892,7035,8213
6893,7564,7990
6894,8247,7698
6895,9025,7275
6896,9589,7168
6897,9197,7434
6898,8352,8041
6899,7179,8405
6900,7077,8230
6901,7599,8138
6902,8119,7403
6903,9013,7355
6904,9665,7330
6905,9143,7461
6906,8256,8053
6907,7501,8399
6908,6967,8144
6909,7808,7976
6910,8031,7565
6911,9064,7264
6912,9688,7417
6913,9195,7472
6914,8440,8203
6915,6926,8112
6916,7206,8415
6917,7623,8064
6918,8489,7874
6919,8424,7089
6920,9564,7270
6921,8984,7529
6922,8113,7931
6923,7621,8230
6924,7249,8321
6925,7820,8066
6926,8436,7565
6927,9138,7218
6928,9360,7383
6929,8903,7511
6930,8424,8116
6931,6940,8406
6932,7258,8394
6933,7469,7819
6934,8524,7872
6935,8602,7210
6936,9316,7420
6937,8879,7306
6938,8160,8072
6939,7451,8265
6940,7002,8283
6941,7614,7955
6942,8361,7778
6943,8775,7242
6944,9493,7447
6945,9269,7510
6946,8121,8203
6947,7257,8224
6948,6920,8335
6949,7647,7976
6950,8575,7653
6951,9086,7222
6952,9256,7072
6953,9334,7622
6954,7865,8388
6955,7659,8245
6956,7205,8460
6957,7469,7805
6958,8123,7689
6959,9016,7235
6960,9430,7209
6961,9197,7674
6962,8214,8053
6963,7414,8207
6964,6918,7984
6965,7805,8002
6966,8313,7672
6967,8851,7542
6968,9422,7265
6969,8927,7349
6970,8168,8134
6971,7555,8355
6972,7362,8421
6973,7330,7933
6974,8095,7496
6975,9188,7483
6976,9237,7343
6977,9175,7545
6978,8151,8145
6979,7398,8234
6980,6847,8135
6981,7820,8125
6982,8357,7896
6983,8868,7284
6984,9342,7218
6985,8489,7393
6986,8636,8150
6987,7125,8387
6988,6890,8276
6989,7587,7930
6990,8460,7484
6991,8899,7357
6992,9448,7383
6993,9218,7479
6994,7981,8161
6995,7626,8330
6996,7006,8222
6997,7692,8231
6998,8412,7590
6999,8868,7172
7000,9375,7364
7001,8845,7495
7002,8498,8152
7003,7274,8214
7004,7259,8396
7005,7112,7836
7006,8576,7944
7007,8931,7370
7008,9414,7350
7009,8826,7374
7010,8806,8104
7011,7086,8381
7012,6852,8176
7013,7554,8142
7014,8521,7532
7015,9145,7214
7016,9233,7321
7017,8929,7371
7018,8540,8134
7019,7214,8237
7020,7153,8260
7021,7669,7917
7022,8416,7666
7023,8783,7304
7024,9533,7363
7025,8903,7507
7026,8701,8001
7027,7700,8512
7028,6867,8190
7029,7396,8041
7030,8580,7662
7031,8869,7141
7032,9447,7206
7033,8651,7460
7034,8788,8093
7035,6901,8386
7036,7006,8343
7037,7331,7974
7038,8201,7406
7039,9013,7290
7040,9656,7329
7041,9263,7549
7042,8213,8299
7043,7305,8127
7044,7050,8250
7045,7655,7824
7046,8419,7483
7047,8885,7449
7048,9500,7093
7049,9133,7537
7050,7496,7852
7051,7807,8362
7052,7387,8254
7053,7639,8024
7054,8459,7647
7055,8673,7222
7056,9479,7433
7057,9392,7642
7058,8427,8018
7059,7260,8200
7060,6981,8280
7061,7408,7803
7062,8413,7573
7063,9299,7294
7064,9333,7298
7065,8964,7674
7066,8227,8052
7067,7492,8416
7068,7022,8284
7069,7674,8014
7070,8156,7476
7071,9051,7301
7072,9413,7300
7073,8949,7676
7074,8143,8028
7075,7774,8354
7076,6895,8101
7077,7481,8147
7078,8130,7627
7079,9208,7334
7080,9083,7080
7081,9026,7542
7082,8382,8031
7083,7473,8182
7084,6819,8267
7085,7802,8001
7086,8274,7886
7087,8972,7377
7088,9507,7304
7089,9281,7511
7090,7742,7806
7091,7266,8297
7092,7121,8330
7093,7212,7934
7094,8340,7694
7095,9261,7417
7096,9332,7220
7097,9003,7487
7098,8596,7982
7099,7247,8547
7100,6970,8121
7101,7480,8248
7102,8366,7449
7103,8740,7366
7104,9412,7379
7105,9161,7515
7106,8148,8217
7107,6943,7964
7108,7004,8398
7109,7665,7982
7110,8442,7753
7111,8885,7348
7112,9422,7212
7113,9430,7430
7114,7909,8060
7115,7646,8186
7116,6916,8278
7117,7480,8205
7118,8274,7622
7119,9128,7220
7120,9346,7408
7121,9113,7775
7122,7708,7885
7123,7318,8233
7124,7230,8428
7125,7174,7930
7126,8470,7835
7127,9077,7360
7128,9359,7354
7129,8886,7397
7130,8255,8154
7131,7275,8261
7132,7058,8184
7133,7548,7973
7134,8320,7707
7135,9060,7167
7136,9710,7379
7137,8833,7209
7138,8061,8169
7139,7006,8079
7140,6993,8314
7141,7825,8196
7142,8117,7525
7143,8908,7386
7144,9656,7353
7145,8852,7631
7146,8291,8011
7147,7250,8133
7148,7147,8408
7149,7667,8032
7150,8383,7745
7151,9115,7385
7152,9127,7200
7153,8954,7569
7154,7863,7873
7155,7675,8329
7156,6934,8097
7157,7804,8126
7158,7862,7384
7159,9355,7368
7160,9454,7376
7161,9236,7458
7162,8140,8234
7163,7274,8385
7164,6754,8142
7165,7416,8108
7166,8304,7646
7167,9181,7245
7168,9219,7145
7169,9455,7678
7170,8282,8123
7171,7218,8181
7172,7162,8183
7173,7374,7908
7174,8349,7817
7175,8709,7083
7176,9709,7217
7177,9163,7532
7178,8211,8206
7179,7027,8171
7180,7244,8262
7181,7626,8126
7182,8069,7315
7183,9304,7336
7184,9613,7164
7185,9421,7705
7186,7466,7930
7187,7601,8460
7188,6870,8089
7189,7972,8146
7190,8119,7799
7191,8862,7179
7192,9342,7348
7193,9389,7521
7194,8244,8406
7195,6963,8220
7196,7188,8337
7197,7848,8054
7198,8371,7718
7199,8650,7306
7200,9585,7249
7201,9278,7495
7202,8086,8334
7203,7117,8325
7204,7121,8264
7205,7750,8081
7206,8323,7776
7207,9179,7422
7208,9337,7253
7209,9287,7487
7210,8311,7964
7211,7101,8575
7212,6910,8415
7213,7921,8160
7214,8105,7525
7215,8971,7319
7216,9549,7221
7217,9230,7526
7218,8025,8125
7219,7568,8313
7220,6808,8185
7221,7823,8112
7222,8280,7595
7223,9101,7289
7224,9798,7474
7225,8981,7523
7226,8351,8204
7227,6968,7999
7228,7324,8175
7229,7214,8035
7230,8417,7673
7231,9092,7388
7232,9419,7240
7233,9057,7758
7234,8121,8069
7235,6982,8255
7236,7290,8374
7237,7597,7928
7238,8277,7763
7239,9133,7493
7240,9540,7330
7241,8750,7543
7242,8429,8179
7243,7336,8243
7244,7079,8198
7245,7281,8013
7246,8363,7458
7247,9073,7377
7248,9618,7497
7249,8727,7410
7250,8181,7940
7251,7909,8492
7252,6585,8110
7253,7836,8137
7254,8232,7483
7255,8949,7426
7256,9170,7181
7257,9026,7455
7258,8462,8200
7259,7004,8237
7260,6889,8209
7261,7552,7930
7262,8449,7518
7263,8874,7289
7264,9185,7129
7265,9572,7585
7266,8208,7962
7267,7357,8485
7268,6907,8266
7269,7801,8043
7270,8569,7918
7271,8959,7253
7272,9797,7291
7273,9029,7323
7274,8258,8144
7275,7616,8398
7276,6840,8190
7277,7358,7824
7278,8388,7769
7279,8870,7197
7280,9362,7313
7281,9032,7371
7282,8659,8192
7283,6952,8285
7284,7113,8337
7285,7378,7888
7286,8478,7758
7287,9024,7281
7288,9558,7246
7289,9056,7806
7290,8299,7977
7291,7464,8411
7292,6942,8196
7293,7506,7994
7294,8409,7566
7295,9049,7400
7296,9388,7269
7297,8894,7639
7298,7949,7889
7299,7770,8563
7300,6998,8273
7301,7462,8084
7302,8010,7521
7303,9372,7493
7304,9205,7214
7305,9061,7475
7306,8065,7866
7307,7297,8409
7308,6896,8140
7309,7804,8093
7310,8276,7790
7311,8990,7411
7312,9364,7282
7313,9101,7457
7314,8078,8311
7315,7378,8204
7316,6963,8207
7317,7500,7921
7318,8304,7427
7319,8714,7211
7320,9443,7208
7321,9388,7557
7322,8354,8113
7323,7150,8503
7324,7034,8221
7325,7417,8095
7326,8275,7783
7327,9314,7499
7328,9618,7336
7329,8905,7333
7330,8348,7967
7331,7772,8426
7332,6829,8158
7333,7441,7994
7334,8371,7596
7335,8872,7417
7336,9662,7383
7337,8975,7498
7338,8412,8070
7339,7412,8106
7340,6928,8260
7341,7619,8014
7342,8422,7594
7343,8771,7306
7344,9516,7367
7345,9092,7451
7346,7810,7954
7347,7566,8288
7348,7057,8387
7349,7385,8043
7350,8250,7627
7351,8999,7204
7352,9449,7270
7353,9085,7562
7354,8741,8122
7355,7486,8297
7356,6934,8272
7357,7180,8024
7358,8580,7719
7359,9218,7362
7360,9497,7494
7361,8779,7482
7362,8206,7994
7363,7342,8425
7364,6982,8213
7365,7705,8108
7366,8513,7808
7367,9050,7362
7368,9336,7381
7369,9041,7543
7370,8223,8004
7371,7887,8448
7372,6808,8274
7373,7864,7936
7374,8473,7725
7375,8864,7363
7376,9144,7268
7377,8656,7342
7378,8126,7981
7379,7294,8325
7380,7269,8517
7381,7537,8185
7382,8456,7627
7383,9190,7429
7384,9148,7178
7385,9149,7557
7386,8289,7947
7387,7685,8325
7388,6686,8113
7389,7472,7958
7390,8604,7773
7391,9025,7399
7392,9424,7328
7393,8894,7503
7394,8308,8172
7395,7089,8193
7396,7058,8294
7397,7512,8080
7398,8258,7530
7399,8953,7233
7400,9614,7426
7401,8827,7258
7402,8127,8282
7403,7356,8338
7404,6813,8285
7405,7422,8052
7406,8317,7672
7407,9168,7464
7408,9236,7183
7409,8964,7610
7410,8351,7968
7411,7128,8419
7412,7135,8298
7413,7424,7905
7414,8298,7548
7415,8834,7315
7416,9478,7388
7417,9108,7614
7418,8310,7916
7419,7257,8535
7420,6874,8177
7421,7619,8054
7422,8409,7665
7423,9244,7402
7424,9445,7381
7425,9256,7401
7426,8084,8305
7427,7287,8189
7428,7163,8281
7429,7632,7848
7430,8161,7713
7431,9050,7203
7432,9366,7163
7433,9636,7694
7434,7822,7741
7435,7144,8421
7436,6613,8133
7437,7848,8002
7438,8487,7963
7439,8538,7124
7440,9440,7211
7441,9087,7561
7442,8740,8100
7443,6916,8298
7444,7170,8415
7445,7887,8090
7446,7970,7488
7447,9099,7414
7448,9419,7425
7449,8938,7341
7450,8371,8098
7451,7462,8241
7452,6902,8152
7453,7703,8350
7454,8181,7588
7455,9169,7209
7456,9681,7323
7457,8794,7651
7458,8571,8304
7459,7219,8195
7460,6914,8279
7461,7456,7808
7462,8396,7768
7463,9004,7364
7464,9322,7217
7465,9187,7478
7466,8021,8261
7467,7193,8252
7468,7149,8381
7469,7594,8130
7470,8529,7745
7471,8924,7435
7472,9514,7213
7473,9272,7480
7474,8128,8173
7475,7029,8304
7476,7195,8363
7477,7682,8106
7478,8082,7541
7479,9249,7377
7480,9422,7395
7481,9238,7316
7482,8471,8269
7483,6831,8415
7484,6979,8147
7485,7573,8196
7486,8415,7673
7487,9126,7257
7488,9428,7328
7489,9228,7663
7490,8242,8104
7491,7051,8018
7492,7401,8569
7493,7245,7807
7494,8651,7748
7495,9022,7412
7496,9354,7207
7497,9117,7478
7498,8387,8129
7499,7509,8226
7500,6750,8142
7501,7834,8027
7502,8168,7537
7503,9217,7469
7504,9576,7539
7505,9005,7294
7506,8314,8316
7507,7164,8212
7508,6769,8263
7509,7603,8161
7510,8341,7596
7511,8881,7323
7512,9622,7293
7513,8997,7415
7514,8664,8091
7515,7390,8393
7516,6952,8127
7517,7567,7977
7518,8406,7422
7519,8892,7437
7520,9449,7421
7521,8953,7352
7522,8248,8174
7523,7320,8178
7524,7352,8260
7525,7444,7792
7526,8337,7924
7527,8921,7181
7528,9547,7429
7529,8964,7469
7530,7935,7847
7531,7456,8293
7532,7089,8305
7533,7460,7934
7534,8139,7624
7535,8961,7276
7536,9655,7430
7537,8959,7674
7538,8516,7964
7539,7237,8510
7540,6797,8272
7541,7746,8037
7542,8348,7753
7543,9238,7473
7544,9084,7158
7545,9260,7581
7546,8054,7984
7547,7280,8438
7548,7054,8181
7549,7752,8180
7550,8369,7753
7551,8636,7236
7552,9367,7159
7553,9333,7569
7554,8032,8052
7555,7387,8345
7556,7056,8233
7557,7718,8051
7558,8365,7885
7559,8574,7081
7560,9086,7209
7561,9452,7530
7562,8057,8202
7563,7235,8434
7564,7021,8333
7565,7882,8067
7566,8118,7478
7567,8959,7325
7568,9373,7085
7569,9423,7743
7570,7954,8128
7571,7246,8372
7572,6951,8211
7573,7733,8197
7574,8287,7784
7575,8683,7249
7576,9210,7269
7577,8940,7477
7578,8305,8002
7579,7579,8219
7580,7261,8362
7581,7298,7970
7582,8500,7627
7583,8820,7285
7584,9618,7313
7585,9043,7433
7586,8218,8119
7587,6884,8256
7588,7168,8405
7589,7679,7989
7590,8212,7605
7591,8972,7349
7592,9529,7463
7593,8562,7213
7594,8597,8333
7595,7472,8240
7596,7259,8369
7597,7188,7913
7598,8356,7730
7599,9085,7174
7600,9554,7367
7601,8816,7605
7602,8382,8090
7603,7183,8418
7604,6570,8128
7605,7675,8039
7606,8600,7707
7607,8889,7366
7608,9364,7324
7609,9052,7370
7610,8017,8257
7611,7605,8408
7612,7049,8204
7613,7520,8128
7614,8335,7586
7615,8883,7183
7616,9391,7237
7617,9362,7592
7618,7921,7948
7619,7238,8553
7620,7003,8401
7621,7758,7956
7622,8052,7553
7623,9111,7319
7624,9542,7345
7625,8996,7784
7626,8535,8105
7627,7208,8533
7628,6976,8272
7629,7478,8155
7630,8100,7682
7631,8807,7158
7632,9752,7489
7633,8712,7622
7634,8014,7945
7635,7694,8580
7636,6553,7984
7637,7916,8375
7638,8153,7490
7639,8813,7366
7640,9074,7126
7641,9293,7556
7642,8592,7979
7643,7189,8393
7644,7181,8250
7645,7697,8229
7646,8575,7676
7647,8669,7281
7648,9576,7311
7649,9306,7511
7650,7979,8134
7651,7395,8106
7652,7181,8373
7653,7411,7845
7654,8392,7602
7655,9217,7349
7656,9172,7350
7657,9338,7627
7658,8026,7931
7659,7538,8294
7660,6940,8210
7661,7404,8134
7662,8474,7624
7663,9177,7230
7664,9376,7252
7665,9029,7374
7666,7996,8046
7667,7351,8519
7668,6894,8197
7669,7535,8092
7670,8256,7559
7671,8959,7393
7672,9496,7380
7673,9326,7447
7674,7818,8125
7675,7645,8387
7676,6969,8171
7677,7550,8110
7678,8431,7607
7679,8758,7298
7680,9602,7413
7681,9259,7413
7682,8460,8251
7683,6842,8259
7684,7009,8401
7685,7468,7861
7686,8132,7657
7687,8828,7217
7688,9348,7299
7689,9205,7530
7690,8529,8235
7691,7246,8423
7692,6962,8228
7693,7715,7907
7694,8101,7673
7695,9070,7381
7696,9593,7161
7697,8808,7726
7698,8070,7941
7699,7671,8392
7700,6981,8283
7701,7769,7931
7702,8554,8012
7703,8800,7095
7704,9286,7211
7705,9429,7633
7706,8276,8121
7707,7653,8388
7708,6680,8263
7709,7668,8132
7710,8052,7423
7711,9317,7575
7712,9500,7372
7713,8862,7353
7714,8249,8218
7715,7428,8353
7716,7037,8261
7717,7270,8094
7718,8241,7530
7719,8945,7234
7720,9410,7182
7721,8722,7757
7722,8436,8149
7723,7325,8605
7724,6941,8291
7725,7348,8013
7726,8224,7512
7727,9228,7368
7728,9579,7489
7729,9113,7505
7730,7997,7969
7731,7215,8291
7732,6761,8160
7733,7622,7996
7734,8359,7802
7735,9288,7374
7736,9262,7219
7737,8887,7445
7738,8378,8122
7739,7084,8231
7740,7065,8360
7741,7753,8148
7742,8178,7458
7743,9185,7437
7744,9541,7419
7745,8600,7288
7746,8808,8160
7747,7341,8498
7748,6999,8076
7749,7468,8121
7750,8336,7591
7751,8936,7065
7752,9392,7387
7753,9175,7437
7754,8555,8322
7755,7071,8231
7756,7189,8269
7757,7449,8056
7758,8401,7668
7759,8808,7258
7760,9339,7340
7761,9255,7438
7762,8291,7977
7763,7418,8342
7764,7106,8231
7765,7465,7941
7766,8550,7877
7767,8746,7324
7768,9400,7379
7769,8760,7454
7770,7977,8002
7771,7584,8332
7772,7151,8399
7773,7619,8027
7774,8547,7729
7775,9121,7280
7776,9104,7283
7777,8871,7629
7778,8488,8132
7779,7536,8227
7780,6744,8085
7781,7426,7933
7782,8691,7480
7783,8935,7338
7784,9383,7442
7785,9098,7452
7786,8374,8239
7787,7054,8281
7788,7078,8276
7789,7460,8160
7790,8088,7558
7791,9107,7237
7792,9585,7306
7793,8977,7546
7794,8171,7982
7795,7440,8378
7796,6934,8105
7797,7654,8156
7798,8331,7764
7799,8952,7238
7800,9105,7229
7801,9053,7522
7802,8122,8154
7803,7263,8253
7804,6903,8245
7805,7824,8043
7806,8337,7672
7807,8910,7276
7808,9220,7321
7809,9271,7556
7810,8209,7992
7811,7233,8349
7812,6983,8271
7813,7556,8070
7814,8452,7765
7815,8994,7312
7816,9685,7389
7817,8725,7504
7818,8063,7994
7819,7249,8395
7820,6903,8209
7821,7500,7987
7822,8633,7986
7823,8908,7207
7824,9329,7319
7825,9209,7504
7826,7891,7966
7827,7144,8433
7828,7117,8293
7829,7833,8213
7830,8378,7818
7831,8733,7238
7832,9469,7284
7833,8661,7588
7834,8330,7990
7835,7458,8203
7836,7046,8319
7837,7410,7969
7838,8385,7753
7839,8988,7224
7840,9236,7229
7841,8815,7530
7842,8557,8239
7843,7473,8341
7844,6929,8391
7845,7713,8067
7846,8520,7693
7847,8693,7315
7848,9481,7157
7849,9234,7448
7850,8218,8086
7851,7169,8347
7852,6950,8086
7853,7806,8292
7854,8315,7873
7855,8820,7040
7856,9600,7344
7857,9006,7363
7858,7862,8309
7859,7201,8138
7860,7299,8393
7861,7501,8057
7862,7941,7463
7863,9046,7263
7864,9660,7360
7865,9221,7630
7866,7914,8000
7867,7446,8318
7868,6860,7978
7869,8066,8010
7870,8194,7595
7871,8877,7503
7872,9137,7368
7873,9368,7503
7874,7863,8058
7875,7120,8282
7876,7239,8374
7877,7447,8054
7878,8480,7621
7879,9083,7233
7880,9448,7295
7881,9038,7657
7882,8259,8021
7883,7387,8211
7884,6670,8275
7885,7582,8158
7886,8569,7726
7887,8947,7377
7888,9580,7362
7889,9033,7266
7890,7737,8132
7891,7544,8346
7892,6935,8261
7893,7592,8074
7894,8169,7424
7895,8896,7280
7896,9532,7419
7897,8801,7537
7898,8385,7945
7899,7255,8495
7900,6697,8040
7901,8009,7993
7902,8492,7820
7903,8698,7171
7904,9269,7270
7905,9109,7450
7906,7958,7980
7907,7239,8203
7908,6962,8257
7909,7869,8131
7910,8324,7801
7911,8789,7294
7912,9151,7373
7913,9079,7502
7914,8007,8151
7915,7649,8224
7916,6827,8151
7917,7688,8152
7918,8212,7691
7919,8985,7261
7920,9323,7374
7921,8814,7209
7922,8488,8253
7923,6982,8226
7924,7074,8214
7925,7552,8130
7926,8221,7667
7927,8862,7158
7928,9595,7358
7929,8997,7438
7930,8395,8159
7931,7550,8369
7932,7220,8335
7933,7769,8084
7934,8209,7646
7935,8619,7154
7936,9733,7494
7937,8583,7316
7938,8236,8076
7939,7626,8234
7940,7102,8254
7941,7391,7975
7942,8235,7433
7943,8982,7216
7944,9611,7343
7945,9063,7473
7946,8518,8280
7947,7607,8400
7948,6750,8122
7949,7597,7843
7950,8285,7827
7951,8938,7258
7952,9335,7170
7953,9562,7534
7954,8312,8359
7955,7116,8174
7956,7351,8237
7957,7429,7794
7958,8424,7667
7959,9243,7347
7960,9461,7187
7961,9157,7578
7962,8209,7742
7963,7373,8389
7964,7009,8247
7965,7610,8131
7966,8245,7572
7967,8946,7397
7968,9617,7095
7969,8793,7468
7970,8202,8004
7971,7384,8425
7972,7059,8397
7973,7782,7969
7974,8328,7791
7975,8801,7178
7976,9170,7295
7977,9122,7562
7978,8407,8033
7979,7133,8540
7980,7066,8351
7981,7284,7916
7982,8609,7547
7983,8672,7080
7984,9832,7514
7985,9021,7342
7986,7957,8156
7987,7187,8301
7988,6842,8269
7989,7625,8055
7990,8117,7516
7991,9104,7317
7992,9558,7369
7993,8871,7368
7994,7843,8101
7995,7646,8437
7996,6837,8131
7997,7874,8008
7998,8281,7598
7999,8632,7222
8000,9476,7343
8001,8888,7481
8002,8517,8074
8003,6938,8239
8004,7303,8523
8005,7502,7855
8006,8296,7646
8007,8981,7091
8008,9467,7399
8009,8901,7462
8010,8314,8088
8011,7301,8377
8012,7082,8231
8013,7588,8096
8014,8323,7573
8015,8807,7076
8016,9405,7367
8017,9125,7537
8018,7983,8275
8019,7494,8389
8020,7053,8430
8021,7685,8176
8022,8347,7503
8023,8801,7197
8024,9291,7187
8025,9179,7756
8026,8444,8059
8027,7497,8426
8028,7071,8138
8029,7535,7947
8030,8236,7622
8031,9287,7311
8032,9650,7358
8033,9003,7416
8034,8290,8193
8035,7054,8149
8036,7113,8275
8037,7491,8153
8038,8463,7558
8039,8764,7254
8040,9383,7293
8041,9320,7761
8042,8219,7903
8043,7641,8452
8044,6729,8128
8045,7844,7731
8046,8248,7721
8047,9153,7338
8048,9802,7356
8049,8620,7277
8050,7857,8169
8051,6797,8101
8052,7368,8402
8053,7371,8162
8054,8492,7572
8055,8968,7183
8056,9734,7404
8057,8919,7602
8058,7849,8089
8059,7629,8234
8060,6964,8200
8061,7607,7954
8062,8314,7764
8063,9215,7492
8064,9315,7298
8065,8910,7338
8066,7920,7980
8067,7655,8340
8068,7160,8252
8069,7398,8077
8070,8225,7769
8071,8960,7265
8072,9677,7265
8073,9086,7535
8074,8189,8126
8075,7203,8314
8076,6910,8176
8077,7613,7969
8078,8318,7820
8079,9398,7361
8080,9512,7349
8081,8824,7408
8082,8119,8266
8083,7293,8125
8084,7192,8280
8085,7476,7967
8086,8210,7674
8087,9133,7226
8088,9350,7189
8089,9452,7757
8090,7576,7925
8091,7389,8240
8092,7072,8181
8093,7143,7869
8094,8458,7571
8095,9127,7379
8096,9828,7373
8097,8971,7348
8098,8132,8436
8099,7304,8163
8100,7135,8329
8101,7519,8150
8102,8477,7631
8103,8917,7252
8104,9551,7230
8105,9341,7663
8106,8109,7852
8107,7677,8353
8108,6828,8129
8109,7460,7779
8110,8158,7568
8111,9265,7418
8112,9000,7110
8113,9287,7522
8114,7971,8339
8115,7157,8154
8116,7177,8228
8117,7678,8241
8118,8106,7717
8119,8861,7316
8120,9342,7269
8121,9582,7686
8122,7825,7905
8123,7289,8344
8124,6979,8299
8125,7709,8195
8126,8432,7556
8127,8725,7144
8128,9701,7420
8129,9040,7545
8130,8128,8078
8131,7227,8146
8132,7185,8424
8133,7413,8149
8134,8128,7595
8135,9301,7260
8136,9214,7187
8137,9353,7580
8138,8062,8014
8139,7351,8412
8140,6716,8128
8141,7706,8158
8142,8318,7603
8143,8945,7374
8144,9357,7243
8145,9382,7607
8146,7963,8390
8147,7213,8233
8148,6856,8112
8149,7487,8080
8150,8063,7531
8151,9148,7387
8152,9485,7252
8153,9113,7472
8154,8122,8352
8155,7507,8194
8156,7190,8100
8157,7771,8014
8158,7955,7616
8159,9129,7218
8160,9120,7200
8161,9430,7566
8162,8181,8425
8163,7375,8310
8164,6834,8110
8165,7402,7909
8166,8201,7455
8167,9271,7397
8168,9332,7258
8169,9019,7541
8170,7996,8308
8171,6892,8103
8172,7190,8286
8173,7683,7985
8174,8396,7214
8175,9068,7314
8176,9309,7198
8177,9201,7756
8178,7931,7864
8179,7410,8285
8180,6995,8113
8181,7697,7980
8182,8607,7934
8183,8824,7323
8184,9348,7203
8185,8904,7429
8186,8398,7992
8187,7249,8145
8188,7104,8313
8189,7634,7900
8190,7986,7507
8191,9076,7314
