# DigitalOscilloscope capture
# format_version=2
# fs_hz=80000000.0
# n_bits=14
# timestamp=2026-08-24T00:08:50+00:00
# capture_name=freq_2vpp_1to100_5MHz_07.csv
# decim_factor=1
# requested_decim_factor=1
# capture_depth=8192
# pretrigger_samples=0
# actual_seconds_per_div=1.024e-05
# requested_seconds_per_div=custom
# ui_mode=advanced
# voltage_display_mode=raw_adc_codes
# trigger_mode=off
# trigger_source=1
# trigger_level_pct=50.0000
# adc_format=Offset Binary
# calibration_schema_version=3
# frame_sequence=5254
# firmware_status_timestamp=2026-08-24T00:08:50+00:00
# software_git_commit=8df6a59
# software_git_dirty=true
# firmware_depth=8192
# firmware_pretrigger=0
# firmware_decim=1
# firmware_trigger=off
# firmware_mock=0
# firmware_fpga_status=0x03
# firmware_ready=1
# firmware_overflow=1
# firmware_prehistory=0
# firmware_armed=0
# firmware_ctrl=0x0011
# firmware_sample_cfg=0x000D
# firmware_afe_ch1_gain_pct=55.50
# firmware_afe_ch1_offset_pct=50.00
# firmware_afe_ch1_atten=1:100
# firmware_afe_ch1_coupling=dc
# firmware_afe_ch1_range_vpp=2
# firmware_afe_ch2_gain_pct=55.50
# firmware_afe_ch2_offset_pct=50.00
# firmware_afe_ch2_atten=1:100
# firmware_afe_ch2_coupling=dc
# firmware_afe_ch2_range_vpp=2
# firmware_afe_trigger_source=1
# firmware_afe_trigger_level_pct=50.00
# firmware_afe_trigger_level_mv=1500
# firmware_ch1_to_adc2=0
# fpga_build=0x89
# fpga_version=0x08
# channel_enabled_ch1=true
# attenuation_ch1=1:100
# coupling_ch1=dc
# gain_pct_ch1=55.5000
# afe_offset_pct_ch1=50.0000
# calibration_profile_ch1=ch1_1to100_2vpp
# normal_requested_volts_per_div_ch1=0.02
# calibration_volts_per_code_ch1=0.000501142154279
# calibrated_volts_per_div_ch1=1.02633913196
# displayed_volts_per_div_ch1=raw_adc_codes
# channel_enabled_ch2=true
# attenuation_ch2=1:100
# coupling_ch2=dc
# gain_pct_ch2=55.5000
# afe_offset_pct_ch2=50.0000
# calibration_profile_ch2=ch2_1to100_2vpp
# normal_requested_volts_per_div_ch2=5
# calibration_volts_per_code_ch2=0.000502339082403
# calibrated_volts_per_div_ch2=1.02879044076
# displayed_volts_per_div_ch2=raw_adc_codes
# measurement_type=frequency
# series_id=freq_2vpp_1to100_5MHz
# input_condition=generator_splitter
# generator_model=Hantek HDG6202
# generator_waveform=sine
# generator_frequency_hz=5000000
# generator_amplitude_vpk=2.8
# generator_offset_v=0
# generator_load=50_ohm
# sense_configuration_confirmed=true
# sense_ch1_vpp=2
# sense_ch2_vpp=2
# series_total=10
# repetition_index=7
# invalid_frames_before_capture=0
index,ch1_raw,ch2_raw
0,1733,1620
1,1813,1671
2,3009,2825
3,5441,4999
4,7777,7296
5,10238,9446
6,12598,11809
7,14110,13373
8,14665,14018
9,14499,13858
10,12955,12462
11,11630,10963
12,8827,8291
13,6244,5981
14,3923,3783
15,2186,2145
16,1949,1553
17,1828,1871
18,3438,3166
19,5045,4974
20,7904,7360
21,9884,9518
22,12751,11972
23,13995,13502
24,14714,13970
25,14744,13896
26,13075,12710
27,11485,10862
28,8598,8338
29,6188,5957
30,4075,3771
31,2381,2166
32,1761,1646
33,2000,1772
34,3003,3010
35,5020,4843
36,7895,7389
37,10234,9563
38,12599,11897
39,14105,13326
40,14687,14050
41,14471,13841
42,13402,12681
43,11181,10804
44,8766,8319
45,6043,5772
46,4085,3984
47,2038,2135
48,1987,1632
49,1850,1863
50,3540,2989
51,5349,4964
52,7839,7337
53,10118,9447
54,12512,11842
55,14110,13414
56,14873,14073
57,14289,13763
58,13277,12550
59,11168,10863
60,8731,8346
61,6323,5998
62,4314,3869
63,2308,2161
64,1561,1400
65,1794,1816
66,3403,2923
67,5389,4908
68,7572,7152
69,9853,9491
70,12728,11975
71,13777,13454
72,14927,14169
73,14339,13769
74,13336,12694
75,11262,10722
76,8821,8583
77,6174,5928
78,3992,4044
79,2279,2203
80,1727,1540
81,1889,1880
82,3479,2998
83,4904,4806
84,7651,7249
85,10134,9608
86,12439,11744
87,14038,13409
88,14820,14027
89,14213,13798
90,13271,12745
91,11429,10990
92,8766,8354
93,6210,5794
94,3968,3878
95,2300,2223
96,1901,1455
97,1920,1834
98,3058,2771
99,5179,4882
100,7524,7236
101,10576,9781
102,12451,11874
103,13809,13308
104,14916,14006
105,14487,13714
106,13137,12601
107,11634,10879
108,8438,8317
109,6506,6105
110,3837,3974
111,2513,2194
112,1772,1488
113,2014,1783
114,3226,2882
115,5117,4929
116,7897,7338
117,10260,9605
118,12197,11831
119,14161,13415
120,14504,13931
121,14376,13728
122,13256,12586
123,11206,10977
124,8714,8466
125,6535,5931
126,3968,4066
127,2318,2153
128,1651,1509
129,2057,1943
130,3204,2832
131,5373,5057
132,7510,7239
133,10133,9395
134,13053,12032
135,13860,13348
136,14384,13850
137,14849,14011
138,13232,12665
139,11339,10746
140,8544,8393
141,6097,5993
142,4340,3863
143,2314,2358
144,1682,1504
145,1971,1917
146,3027,2828
147,5522,4916
148,7464,7180
149,9994,9621
150,12594,11839
151,14284,13484
152,14630,13879
153,14350,13906
154,12852,12483
155,11539,10914
156,8994,8378
157,6070,5923
158,4112,3959
159,2408,2190
160,1835,1639
161,2074,1949
162,3145,2989
163,5292,4871
164,7942,7210
165,9837,9553
166,12638,11975
167,14013,13403
168,14620,14211
169,14263,13767
170,13252,12610
171,11544,10858
172,9046,8631
173,6167,5895
174,4243,4227
175,2314,2314
176,1440,1575
177,2114,1829
178,3341,3003
179,5319,4950
180,7616,7241
181,9925,9560
182,12405,11784
183,14228,13442
184,14916,14134
185,14546,13611
186,13090,12469
187,11310,10843
188,8849,8437
189,6168,6081
190,4104,3863
191,2576,2272
192,1507,1584
193,1976,1763
194,3594,3072
195,4987,4956
196,7329,7078
197,10355,9604
198,12494,11876
199,14194,13408
200,14381,13750
201,14921,14084
202,13052,12611
203,11310,10683
204,8665,8465
205,6324,5901
206,4192,4029
207,2148,2148
208,1841,1542
209,1925,1888
210,3348,3035
211,5121,5008
212,7559,7194
213,9917,9417
214,12791,11915
215,13980,13355
216,14950,14155
217,14262,13791
218,13170,12585
219,11573,10863
220,8835,8362
221,6057,5818
222,3893,3914
223,2601,2370
224,1676,1410
225,2040,1843
226,3029,2925
227,5265,4981
228,7696,7059
229,10043,9530
230,12380,11685
231,14241,13418
232,14943,14079
233,14426,13777
234,13083,12643
235,11158,10664
236,8959,8605
237,5921,5870
238,4587,4041
239,2170,2154
240,1616,1547
241,1849,1869
242,3441,3084
243,4912,4810
244,7568,7260
245,10164,9252
246,12566,11731
247,14066,13483
248,14662,13876
249,14532,13993
250,13260,12569
251,11194,10729
252,9097,8615
253,6144,5963
254,3980,3943
255,2373,2278
256,1526,1513
257,2101,1850
258,3130,2949
259,5027,4843
260,7568,7202
261,10469,9696
262,12515,11809
263,14147,13402
264,14649,14096
265,14454,13909
266,13154,12521
267,11241,10954
268,8673,8342
269,6249,5969
270,4086,3809
271,2559,2216
272,1557,1547
273,2055,1841
274,3201,2869
275,5234,4794
276,7622,7104
277,10398,9703
278,12479,11861
279,13833,13438
280,14728,14073
281,14594,13861
282,12994,12596
283,11560,10829
284,8796,8229
285,6185,5966
286,3916,3887
287,2317,2193
288,1806,1586
289,1966,1874
290,3421,2871
291,5153,4961
292,7616,7258
293,10318,9717
294,12394,11763
295,14102,13382
296,15229,14174
297,14212,13817
298,13107,12545
299,11422,10910
300,8806,8440
301,6141,5763
302,4312,3895
303,2276,2360
304,1739,1494
305,2190,1909
306,3093,2868
307,5396,4967
308,7771,7234
309,9944,9531
310,12545,11898
311,13944,13336
312,14985,13966
313,14532,13883
314,13129,12532
315,11493,10927
316,8604,8325
317,6217,5977
318,3892,3814
319,2502,2237
320,1693,1620
321,2078,1860
322,3125,2811
323,5385,4910
324,7401,7078
325,10101,9649
326,12602,11860
327,13920,13437
328,14875,14192
329,14175,13793
330,13169,12607
331,11332,10688
332,8615,8377
333,6270,5924
334,4161,3746
335,2360,2315
336,1713,1428
337,1657,1856
338,3176,3099
339,5269,4805
340,7742,7437
341,10127,9566
342,12596,11963
343,14057,13354
344,14698,14043
345,14784,13844
346,13187,12745
347,11160,10845
348,8942,8572
349,5905,5959
350,4295,4067
351,2274,2188
352,1853,1872
353,2148,1678
354,3065,3036
355,5416,4952
356,7704,7300
357,9953,9345
358,12761,11921
359,13964,13408
360,14999,14271
361,14390,13936
362,13238,12671
363,11064,10817
364,8957,8533
365,6028,5905
366,4417,3981
367,2157,2109
368,1755,1633
369,1872,1556
370,3535,3121
371,4753,4978
372,7847,7401
373,10066,9389
374,12620,11819
375,13832,13118
376,14510,14025
377,14878,13853
378,12991,12586
379,11445,10865
380,8664,8423
381,6243,5947
382,3869,3905
383,2599,2200
384,1735,1557
385,2060,1865
386,3074,2935
387,5126,4890
388,7693,7186
389,10030,9582
390,12448,11793
391,13977,13383
392,14792,14068
393,14370,13777
394,13132,12581
395,11487,11075
396,8825,8385
397,6542,6062
398,4069,4203
399,2390,2306
400,1697,1529
401,2291,1945
402,3213,2903
403,4916,4922
404,7672,7433
405,10269,9704
406,12514,11993
407,14173,13316
408,14491,13965
409,14304,13790
410,13166,12603
411,11491,10878
412,8723,8517
413,6242,5896
414,4266,4028
415,2342,2426
416,1560,1611
417,2098,1873
418,3244,2927
419,4897,4853
420,7624,7260
421,10138,9547
422,12588,11909
423,13985,13434
424,14673,14098
425,14473,13812
426,13149,12630
427,11423,10850
428,8732,8475
429,6231,6000
430,4310,3841
431,2284,2289
432,1766,1424
433,1924,1717
434,3191,2856
435,5364,4986
436,7540,7184
437,10188,9699
438,12324,11815
439,14071,13351
440,14869,13940
441,14521,13845
442,12994,12338
443,11351,11086
444,8637,8310
445,6291,6033
446,4193,3933
447,2184,2178
448,1619,1546
449,2238,1923
450,3117,2876
451,5258,4996
452,7345,7106
453,9780,9434
454,12880,11988
455,14059,13479
456,14615,14014
457,14349,13944
458,13420,12735
459,11381,10809
460,9039,8376
461,5897,5886
462,4309,3868
463,2179,2093
464,1766,1673
465,2186,1862
466,3184,3071
467,5351,4893
468,7817,7035
469,10057,9582
470,12218,11850
471,14059,13406
472,15178,14219
473,14015,13713
474,13293,12643
475,11210,10537
476,8700,8384
477,6237,5966
478,4114,4093
479,2518,2291
480,1655,1575
481,1931,1776
482,3333,3028
483,5462,4953
484,7572,7261
485,9964,9508
486,12635,11786
487,13976,13343
488,14823,14037
489,14523,13689
490,13302,12663
491,11174,10960
492,8869,8368
493,6257,6094
494,4041,3892
495,2491,2192
496,1771,1527
497,1654,1705
498,3268,3016
499,5607,4914
500,7265,7066
501,10169,9555
502,12476,11933
503,13842,13121
504,14669,14078
505,14391,13812
506,13535,12745
507,11292,10638
508,8893,8569
509,6051,5920
510,4070,3966
511,2356,2157
512,1684,1404
513,1776,1720
514,3179,2979
515,4970,4853
516,7649,7154
517,10268,9501
518,12574,11819
519,13885,13220
520,14620,14047
521,14318,13804
522,13245,12708
523,11375,10887
524,8778,8525
525,6254,5943
526,4150,3988
527,2222,2277
528,1745,1463
529,1994,1725
530,3102,2822
531,5255,4935
532,7805,7208
533,9996,9673
534,12901,11922
535,13732,13510
536,14715,13917
537,14386,13866
538,13319,12483
539,11288,11092
540,8704,8449
541,6182,6033
542,4369,3846
543,2387,2239
544,1447,1584
545,2030,1751
546,2876,2883
547,5318,5072
548,7967,7269
549,10512,9720
550,11947,11632
551,14172,13394
552,14777,13864
553,14474,13881
554,13329,12659
555,11400,11019
556,8465,8253
557,6528,6091
558,4029,3686
559,2450,2476
560,1901,1693
561,1825,1946
562,3481,3050
563,4899,4927
564,7679,7258
565,10223,9645
566,12431,11877
567,13988,13397
568,14836,13981
569,14325,13806
570,13214,12497
571,11289,10877
572,8711,8307
573,6200,5958
574,4403,4038
575,2428,2235
576,1569,1616
577,2111,1837
578,2949,2846
579,5230,4751
580,7893,7405
581,10149,9540
582,12313,11752
583,14273,13510
584,14596,14029
585,14535,13862
586,13526,12813
587,10992,10820
588,9162,8567
589,5907,5808
590,4268,4026
591,2308,2217
592,1926,1623
593,2031,1816
594,3274,3056
595,5216,4872
596,7609,7326
597,10038,9522
598,12466,11892
599,14108,13365
600,14903,14162
601,14343,13592
602,13425,12694
603,11375,10976
604,8898,8464
605,6109,5820
606,4167,3761
607,2155,2264
608,1916,1595
609,1691,1706
610,2946,2747
611,5503,5081
612,7582,7245
613,10100,9627
614,12508,11680
615,14119,13372
616,14599,14144
617,14804,13863
618,13060,12523
619,11368,10860
620,8609,8350
621,6000,5831
622,4092,3914
623,2645,2297
624,1557,1613
625,1954,1801
626,3354,3174
627,5318,4957
628,7528,7076
629,10498,9745
630,12382,11703
631,13581,13389
632,14874,13972
633,14547,13950
634,13153,12634
635,11280,10676
636,9310,8667
637,5951,5853
638,4129,4078
639,2475,2283
640,1483,1527
641,1899,1836
642,3196,2912
643,5254,4840
644,7499,7226
645,10034,9552
646,12725,11904
647,13846,13180
648,14780,14040
649,14345,13742
650,13236,12626
651,11292,10933
652,8901,8356
653,6308,6134
654,4050,3761
655,2360,2279
656,1618,1441
657,2096,1927
658,2988,2944
659,5108,4966
660,7639,7047
661,10327,9626
662,12380,11775
663,13985,13367
664,14363,13968
665,14931,13971
666,13335,12584
667,11267,10769
668,8857,8529
669,5947,5830
670,4193,3900
671,2475,2220
672,1632,1446
673,1858,1879
674,3478,3035
675,5099,4870
676,7528,7133
677,9993,9582
678,12500,11760
679,14130,13378
680,14956,14113
681,14346,13602
682,13356,12753
683,11060,10693
684,9052,8587
685,6040,5783
686,4097,4027
687,2296,2221
688,1687,1757
689,2167,1886
690,3418,3024
691,5162,4873
692,7613,7301
693,10089,9397
694,12695,11981
695,14035,13377
696,14551,13966
697,14081,13639
698,13416,12740
699,11485,10950
700,9026,8428
701,6174,5831
702,4236,4041
703,2031,2174
704,1697,1578
705,2257,1949
706,3186,2985
707,5272,4888
708,7476,7224
709,10244,9683
710,12477,11862
711,14347,13436
712,14488,13982
713,14273,13626
714,13259,12585
715,11398,11010
716,8850,8374
717,6194,6088
718,4210,3837
719,2274,2247
720,1645,1599
721,1946,1803
722,3504,3078
723,5181,4908
724,7736,7174
725,9763,9559
726,12560,11855
727,13869,13319
728,14651,13924
729,14668,13881
730,13112,12619
731,11316,10894
732,8863,8499
733,5954,5970
734,4256,3868
735,2350,2391
736,1905,1626
737,2052,1894
738,3219,3035
739,4969,4937
740,7526,7074
741,10187,9676
742,13009,11916
743,13857,13493
744,14863,14286
745,14296,13740
746,13268,12712
747,11368,10848
748,9042,8309
749,6094,5983
750,3999,3896
751,2457,2230
752,1815,1520
753,1697,1735
754,3452,2931
755,5083,4859
756,7783,7291
757,10284,9591
758,12376,11744
759,13831,13268
760,14783,13976
761,14669,13845
762,12972,12473
763,11274,10896
764,8974,8502
765,6100,6020
766,4065,3726
767,2440,2232
768,1611,1551
769,1841,1746
770,3151,2956
771,5528,5005
772,7585,7370
773,10091,9518
774,12458,11786
775,14266,13302
776,14653,14085
777,14537,13800
778,13033,12566
779,11303,10822
780,8806,8464
781,6598,6221
782,3888,3687
783,2385,2407
784,1507,1436
785,1959,1768
786,3150,2905
787,5364,4888
788,8023,7246
789,10464,9708
790,12177,11884
791,13902,13231
792,14845,13997
793,14666,13775
794,13224,12590
795,11230,11015
796,8847,8475
797,6489,6329
798,4125,3841
799,2558,2498
800,1580,1478
801,2201,1994
802,3190,2978
803,5474,4773
804,7646,7178
805,9988,9516
806,12327,11861
807,14450,13516
808,14787,14100
809,14240,13742
810,13158,12542
811,11287,10862
812,8840,8384
813,6369,6037
814,3782,3719
815,2519,2310
816,1784,1607
817,2171,1809
818,2960,3030
819,5433,5030
820,7514,7185
821,10488,9806
822,12388,11850
823,14151,13316
824,14745,14139
825,14470,13758
826,13248,12575
827,11415,10790
828,8566,8399
829,5988,5860
830,4492,3983
831,2324,2353
832,1679,1618
833,2165,1764
834,3259,2941
835,4983,4880
836,7815,7280
837,10369,9549
838,12520,11872
839,14312,13347
840,14744,14043
841,14139,13773
842,12972,12537
843,11412,10670
844,8699,8538
845,6199,5922
846,4546,4043
847,2208,2226
848,1655,1616
849,2133,1798
850,3279,2963
851,5033,4901
852,7473,7245
853,9971,9560
854,12764,11972
855,14285,13360
856,14552,14142
857,14343,13697
858,13356,12530
859,11333,10754
860,8777,8588
861,5959,5804
862,4404,4187
863,2102,2155
864,1760,1539
865,2017,1709
866,3358,3106
867,5093,4776
868,7683,6912
869,10286,9630
870,12263,11842
871,14212,13487
872,14682,13970
873,14531,13925
874,13098,12599
875,11541,10898
876,8697,8460
877,6624,6154
878,4154,3820
879,2300,2293
880,1632,1573
881,2325,2013
882,3217,3024
883,4973,4753
884,7817,7294
885,10125,9656
886,12156,11754
887,14400,13480
888,14628,13929
889,14296,13905
890,13226,12568
891,11270,10809
892,8998,8466
893,6064,5844
894,3881,3828
895,2540,2311
896,1460,1612
897,2135,1835
898,3154,3024
899,5570,5002
900,7646,7245
901,10074,9585
902,12715,11799
903,14216,13369
904,14584,14052
905,14175,13772
906,13390,12543
907,11481,10957
908,8549,8224
909,6238,6042
910,4197,3881
911,2374,2237
912,1757,1619
913,2140,1927
914,2944,3030
915,5379,4960
916,7602,7285
917,10169,9580
918,12711,11887
919,14160,13482
920,14492,14038
921,14418,13751
922,13473,12577
923,11462,10666
924,8760,8576
925,6413,6002
926,4094,3957
927,2450,2378
928,1292,1419
929,2044,1981
930,3283,2948
931,5250,4990
932,7679,7161
933,10238,9447
934,12177,11843
935,14224,13365
936,14650,13876
937,14345,13848
938,13349,12785
939,11282,10770
940,8639,8225
941,6237,6064
942,4018,3819
943,2232,2250
944,1775,1748
945,1935,1666
946,3256,3072
947,5437,5006
948,7239,6970
949,10246,9483
950,12473,12002
951,13951,13380
952,14750,13833
953,14725,13930
954,13028,12624
955,11182,10738
956,8947,8534
957,6223,5905
958,4078,3884
959,2210,2170
960,1654,1627
961,2042,1899
962,3527,3018
963,5020,5000
964,7357,7018
965,10322,9506
966,12724,11853
967,14191,13460
968,14629,14071
969,14405,13801
970,13256,12590
971,11298,10908
972,8773,8465
973,6085,5956
974,4301,3884
975,2321,2096
976,1530,1493
977,1957,1809
978,3252,3059
979,5170,4920
980,7760,7189
981,10182,9477
982,12558,11952
983,13913,13392
984,15054,14125
985,14365,13580
986,13242,12612
987,11135,10800
988,8923,8587
989,6178,5933
990,4192,4131
991,2525,2104
992,1650,1622
993,2077,1801
994,3375,3078
995,4933,4876
996,7458,7072
997,10622,9788
998,12394,11905
999,14181,13395
1000,14385,14008
1001,14570,13902
1002,13094,12685
1003,11602,10759
1004,8664,8519
1005,6226,5861
1006,4273,3886
1007,2244,2198
1008,1665,1593
1009,2190,1880
1010,3393,3101
1011,5080,4866
1012,7709,7223
1013,10098,9620
1014,12581,11910
1015,13958,13425
1016,14727,14161
1017,14560,13949
1018,13217,12680
1019,11156,11077
1020,8665,8340
1021,6196,5955
1022,4142,3817
1023,2559,2221
1024,1506,1479
1025,2140,1937
1026,3352,3080
1027,5182,4912
1028,7417,7188
1029,10400,9812
1030,12421,11894
1031,13997,13262
1032,14458,13833
1033,14626,13905
1034,13275,12652
1035,11269,10997
1036,8738,8326
1037,6128,6033
1038,4009,3723
1039,2168,2158
1040,1997,1639
1041,2009,1973
1042,2922,2809
1043,5578,5008
1044,7572,7384
1045,10386,9610
1046,12436,11776
1047,14191,13478
1048,14469,13922
1049,14421,13787
1050,13340,12612
1051,11345,10866
1052,8700,8338
1053,6138,6020
1054,4171,3710
1055,2617,2372
1056,1333,1488
1057,2240,2007
1058,3090,2957
1059,5259,4947
1060,7800,7211
1061,10006,9549
1062,12434,11804
1063,13689,13365
1064,14824,14021
1065,14312,13834
1066,13404,12630
1067,11341,10762
1068,8690,8372
1069,6143,5961
1070,3992,4005
1071,2104,2203
1072,2062,1662
1073,1781,1686
1074,3251,3015
1075,5299,4850
1076,7675,7223
1077,10042,9542
1078,12194,11852
1079,14219,13500
1080,14954,14203
1081,14416,13613
1082,13177,12498
1083,11130,10802
1084,8562,8341
1085,6439,6008
1086,4198,4052
1087,2535,2262
1088,1533,1628
1089,2000,1867
1090,3181,2858
1091,5067,4778
1092,7570,7163
1093,10273,9756
1094,12748,11716
1095,13830,13246
1096,14525,13973
1097,14467,13896
1098,13428,12702
1099,11091,10600
1100,8918,8672
1101,6338,6094
1102,4167,3777
1103,2352,2233
1104,1847,1547
1105,2021,1828
1106,3265,3077
1107,4978,4869
1108,7706,7278
1109,10219,9589
1110,12548,11795
1111,13940,13532
1112,14627,13851
1113,14602,13862
1114,13313,12750
1115,11154,10825
1116,8969,8794
1117,6379,6105
1118,3791,3683
1119,2286,2339
1120,1763,1658
1121,1853,1745
1122,3247,3075
1123,5237,5008
1124,7565,7011
1125,10114,9516
1126,12656,12096
1127,14108,13345
1128,14454,13848
1129,14806,13960
1130,12961,12538
1131,11282,10850
1132,9102,8533
1133,6199,5952
1134,4139,3952
1135,2245,2278
1136,1597,1547
1137,1920,1898
1138,3159,2970
1139,5413,4880
1140,7749,7340
1141,10304,9613
1142,12601,11816
1143,13850,13414
1144,14963,14142
1145,14123,13713
1146,13221,12588
1147,11262,10858
1148,8937,8465
1149,6437,6153
1150,4087,3805
1151,2137,2314
1152,1682,1513
1153,2167,1745
1154,3288,2937
1155,5069,4827
1156,8176,7468
1157,10223,9467
1158,12282,11850
1159,14207,13470
1160,14762,14150
1161,14322,13765
1162,13156,12667
1163,11142,10582
1164,8635,8516
1165,6343,5790
1166,3757,4009
1167,2422,2370
1168,1692,1623
1169,1826,1700
1170,3435,2923
1171,5128,4952
1172,7502,7186
1173,10176,9346
1174,12638,11840
1175,13806,13359
1176,14968,14171
1177,14438,13898
1178,12965,12609
1179,11386,10898
1180,8910,8301
1181,6033,5992
1182,4261,3838
1183,2003,2190
1184,1590,1601
1185,2040,1774
1186,3044,2910
1187,5423,4923
1188,7699,7286
1189,10210,9527
1190,12357,11732
1191,14124,13426
1192,14662,14016
1193,14469,13776
1194,13238,12486
1195,11011,10965
1196,9000,8520
1197,6027,5961
1198,4172,3885
1199,2335,2231
1200,1860,1515
1201,2078,1877
1202,2919,2856
1203,5463,5009
1204,7653,7207
1205,10401,9843
1206,12330,11924
1207,13961,13273
1208,14683,13987
1209,14872,13829
1210,12960,12481
1211,11429,10832
1212,8692,8528
1213,6292,6062
1214,4129,3771
1215,2317,2291
1216,1393,1468
1217,2038,1835
1218,3412,2981
1219,5326,4955
1220,7624,7236
1221,10105,9576
1222,12642,11858
1223,13794,13244
1224,14879,14001
1225,14221,13777
1226,12984,12507
1227,11637,10797
1228,8830,8634
1229,6208,6096
1230,4068,3701
1231,2194,2291
1232,1707,1490
1233,2090,1866
1234,3265,2981
1235,4857,4778
1236,7816,7307
1237,10607,9712
1238,12260,11911
1239,13879,13417
1240,14756,14141
1241,14583,13726
1242,13073,12716
1243,11270,10816
1244,8734,8508
1245,6334,5815
1246,4109,4107
1247,2564,2329
1248,1646,1543
1249,1559,1709
1250,3549,3073
1251,5251,4835
1252,7548,7157
1253,9896,9713
1254,12439,11697
1255,14585,13564
1256,14446,13850
1257,14501,13867
1258,13225,12656
1259,11226,10750
1260,8940,8271
1261,6209,5814
1262,3625,3845
1263,2452,2274
1264,1595,1535
1265,2161,1835
1266,2930,2847
1267,5576,4989
1268,7407,7193
1269,10317,9553
1270,12834,12052
1271,13882,13277
1272,14545,13921
1273,14428,13702
1274,13133,12508
1275,11433,10908
1276,8628,8504
1277,6508,6147
1278,3931,3617
1279,2447,2466
1280,1416,1515
1281,2003,1811
1282,3206,2821
1283,5065,4786
1284,8213,7490
1285,10198,9833
1286,12386,11787
1287,14429,13482
1288,14834,14278
1289,14441,13822
1290,13393,12676
1291,11189,10809
1292,8774,8335
1293,6355,6026
1294,4018,3987
1295,2267,2226
1296,1473,1394
1297,1905,1712
1298,3004,2999
1299,5555,5092
1300,7640,7278
1301,10283,9648
1302,12317,11798
1303,13974,13216
1304,14737,14081
1305,14476,13795
1306,13257,12633
1307,11037,10640
1308,8819,8285
1309,6103,6062
1310,4028,3782
1311,2440,2521
1312,1772,1588
1313,2065,1842
1314,3253,2869
1315,5253,4889
1316,7298,7030
1317,10160,9620
1318,12277,11657
1319,14512,13428
1320,14600,14040
1321,14349,13744
1322,13085,12679
1323,11173,10722
1324,8856,8401
1325,6325,6054
1326,3796,3911
1327,2190,2110
1328,1882,1559
1329,1818,1793
1330,3208,2742
1331,5432,5064
1332,7561,7146
1333,10035,9500
1334,12506,11853
1335,13995,13236
1336,14645,14069
1337,14444,13722
1338,13190,12692
1339,11195,10587
1340,8889,8528
1341,5847,5849
1342,4158,3735
1343,2225,2270
1344,1617,1505
1345,2267,1852
1346,3188,2966
1347,5144,4833
1348,7399,7046
1349,10373,9921
1350,12456,11913
1351,14036,13246
1352,14701,14156
1353,14292,13660
1354,12996,12581
1355,11328,10739
1356,8741,8476
1357,6533,6216
1358,3667,3589
1359,2437,2237
1360,1416,1390
1361,2130,1899
1362,3107,2856
1363,5245,4893
1364,7900,7210
1365,10189,9835
1366,12247,11700
1367,14373,13428
1368,14423,14031
1369,14747,13800
1370,13110,12564
1371,11261,10698
1372,8815,8245
1373,5999,5755
1374,4141,3955
1375,2259,2164
1376,1468,1507
1377,2132,1938
1378,3189,3054
1379,5134,4850
1380,7801,7162
1381,10226,9611
1382,12312,11853
1383,14041,13196
1384,14820,14172
1385,14334,13879
1386,13425,12749
1387,11250,10881
1388,8760,8323
1389,6004,5918
1390,4048,4062
1391,2407,2318
1392,1858,1577
1393,1616,1808
1394,3119,2867
1395,5138,4798
1396,7797,7319
1397,9906,9542
1398,12485,11987
1399,14047,13275
1400,14677,14112
1401,14572,13918
1402,13259,12553
1403,11265,10857
1404,8605,8403
1405,6195,5813
1406,3828,3604
1407,2266,2220
1408,1655,1467
1409,2158,1823
1410,3419,2967
1411,5440,4999
1412,7176,6948
1413,10417,9814
1414,12582,11998
1415,13892,13405
1416,14889,14190
1417,14318,13839
1418,13012,12480
1419,11420,10725
1420,8966,8744
1421,6164,5981
1422,3992,3845
1423,2380,2382
1424,1854,1451
1425,2119,1887
1426,2920,2858
1427,5597,4934
1428,7441,7159
1429,10254,9669
1430,12559,11968
1431,14187,13447
1432,14354,14079
1433,14921,13836
1434,13463,12805
1435,10857,10785
1436,8716,8430
1437,6397,5897
1438,4366,3894
1439,2070,2241
1440,1893,1636
1441,2013,1907
1442,3262,2964
1443,5571,5119
1444,7777,7427
1445,10235,9674
1446,12452,11926
1447,14409,13440
1448,14591,13962
1449,14555,13895
1450,12810,12373
1451,11539,10740
1452,8678,8564
1453,6114,5935
1454,4416,3874
1455,2564,2373
1456,1447,1605
1457,2265,1924
1458,3113,3005
1459,5278,4941
1460,7651,7084
1461,10089,9590
1462,12661,11839
1463,14381,13493
1464,14520,14006
1465,14279,13710
1466,13229,12747
1467,11325,10707
1468,9045,8355
1469,5990,5962
1470,4052,3791
1471,2338,2234
1472,1798,1649
1473,2295,1811
1474,3137,2831
1475,4877,4801
1476,7856,7331
1477,10062,9559
1478,12379,11704
1479,14450,13518
1480,14805,14164
1481,14166,13666
1482,13368,12597
1483,11405,10761
1484,8942,8334
1485,6160,5939
1486,3992,3625
1487,2499,2333
1488,1737,1545
1489,1734,1722
1490,3269,3147
1491,5380,4879
1492,7565,7306
1493,10427,9886
1494,12366,11873
1495,14015,13364
1496,14795,14051
1497,14471,13963
1498,13126,12637
1499,11622,10873
1500,8779,8453
1501,6358,6049
1502,4325,4120
1503,2186,2203
1504,1662,1505
1505,2092,1864
1506,3405,3036
1507,5170,4976
1508,7585,7285
1509,10380,9766
1510,12547,11942
1511,13882,13415
1512,14771,14088
1513,14471,13728
1514,12973,12616
1515,11249,10968
1516,8854,8432
1517,6350,5875
1518,4131,3776
1519,2372,2442
1520,1544,1455
1521,2411,1895
1522,3141,2932
1523,5086,4984
1524,7611,7182
1525,10116,9684
1526,12561,11929
1527,14277,13461
1528,14830,13995
1529,14303,13778
1530,13384,12458
1531,11255,11085
1532,8893,8355
1533,6027,5893
1534,4005,3897
1535,2515,2366
1536,1671,1616
1537,2154,1869
1538,3253,2975
1539,4909,4892
1540,7579,7311
1541,10558,9617
1542,12144,11685
1543,14068,13329
1544,15028,14314
1545,14356,13751
1546,13305,12568
1547,11150,10782
1548,8842,8430
1549,6239,5799
1550,4139,4014
1551,2326,2153
1552,1449,1412
1553,2074,1923
1554,3116,2966
1555,5512,5043
1556,7577,7387
1557,10050,9333
1558,12600,11948
1559,14177,13472
1560,14579,14090
1561,14578,13859
1562,13328,12641
1563,11268,10970
1564,8908,8427
1565,5800,5781
1566,4327,3930
1567,2481,2308
1568,1655,1513
1569,1740,1757
1570,3167,2955
1571,5221,4896
1572,8022,7478
1573,10228,9678
1574,12550,11860
1575,13628,13244
1576,15066,14197
1577,14200,13699
1578,13198,12519
1579,11357,10779
1580,8540,8328
1581,6264,6041
1582,3999,3776
1583,2172,2238
1584,1493,1508
1585,2160,1718
1586,3039,2939
1587,5187,4957
1588,7711,7207
1589,10412,9636
1590,12470,11898
1591,13947,13353
1592,14796,14146
1593,14429,13847
1594,12916,12320
1595,10985,10902
1596,9024,8459
1597,6235,5847
1598,4044,4080
1599,2425,2275
1600,1512,1525
1601,2031,1897
1602,3146,2980
1603,5608,5072
1604,7243,7205
1605,10394,9814
1606,12308,11894
1607,14085,13332
1608,14822,14124
1609,14288,13774
1610,13199,12571
1611,11299,10961
1612,8746,8365
1613,5755,5786
1614,4148,4084
1615,2668,2341
1616,1424,1419
1617,1952,1875
1618,2938,2819
1619,5660,5216
1620,7669,7332
1621,9864,9558
1622,12724,11991
1623,13782,13320
1624,14969,13959
1625,14450,13699
1626,13179,12624
1627,11337,10878
1628,8979,8514
1629,5984,5692
1630,4107,3852
1631,2239,2427
1632,1578,1561
1633,2060,1854
1634,3020,2829
1635,5017,4847
1636,7833,7224
1637,10434,9648
1638,12090,11686
1639,14084,13354
1640,14673,13935
1641,14985,13962
1642,12881,12346
1643,11194,10952
1644,8742,8379
1645,6059,5969
1646,4313,3846
1647,1969,2375
1648,1820,1486
1649,1711,1877
1650,3158,3084
1651,5313,4949
1652,8099,7298
1653,10123,9532
1654,12341,11823
1655,13953,13356
1656,14833,13953
1657,14479,13822
1658,12933,12457
1659,11376,10760
1660,8967,8410
1661,5892,5756
1662,4220,3873
1663,2542,2386
1664,1489,1424
1665,1945,1637
1666,3251,3074
1667,5046,4884
1668,7779,7269
1669,10102,9690
1670,12724,12028
1671,14067,13383
1672,14680,13942
1673,14558,13944
1674,13135,12680
1675,11371,10993
1676,8784,8343
1677,5931,5750
1678,4129,4112
1679,2165,2150
1680,1391,1457
1681,2107,1874
1682,3278,2889
1683,5239,4923
1684,7622,7181
1685,10576,9652
1686,12317,11888
1687,14153,13303
1688,14557,13952
1689,14777,13965
1690,13043,12688
1691,11487,10873
1692,8645,8259
1693,6201,6129
1694,3869,3509
1695,2532,2341
1696,1601,1477
1697,2091,1815
1698,2894,2862
1699,5478,5012
1700,7557,7094
1701,9950,9526
1702,12577,12053
1703,13862,13284
1704,14671,14033
1705,14482,13826
1706,13318,12761
1707,11285,10781
1708,8714,8385
1709,6054,6086
1710,3970,3913
1711,2439,2223
1712,1565,1587
1713,2095,1782
1714,3062,3159
1715,5284,5056
1716,7650,7210
1717,10395,9854
1718,12627,11740
1719,13885,13351
1720,14603,13838
1721,14413,13912
1722,13083,12490
1723,11772,10864
1724,8811,8521
1725,5886,5709
1726,3919,3926
1727,2338,2286
1728,1828,1614
1729,1960,1867
1730,3300,3048
1731,5197,4779
1732,7710,7268
1733,10037,9573
1734,12314,11724
1735,14230,13460
1736,14812,14062
1737,14473,13909
1738,13146,12627
1739,11322,10822
1740,8810,8658
1741,5973,5856
1742,4365,3932
1743,1967,2056
1744,1670,1606
1745,2003,1799
1746,3048,3095
1747,5391,4973
1748,7672,7291
1749,9868,9496
1750,12711,11883
1751,14296,13491
1752,14642,14081
1753,14447,13829
1754,13198,12528
1755,11085,10551
1756,8809,8370
1757,6331,6072
1758,3830,3694
1759,2176,2240
1760,1689,1658
1761,2168,1867
1762,3288,2982
1763,5506,5005
1764,7453,7016
1765,9916,9561
1766,12922,12060
1767,14122,13645
1768,14648,14074
1769,14097,13742
1770,13218,12568
1771,11308,10789
1772,8748,8448
1773,5793,5852
1774,4269,3757
1775,2217,2173
1776,1414,1602
1777,2042,1925
1778,2957,2876
1779,5498,5100
1780,7559,7247
1781,10316,9611
1782,12196,11763
1783,14332,13532
1784,14725,13994
1785,14657,13960
1786,13025,12615
1787,11268,10930
1788,8717,8379
1789,6217,5823
1790,3905,3721
1791,2167,2149
1792,1637,1477
1793,2011,1911
1794,3247,3157
1795,5281,4897
1796,7387,7051
1797,10584,9649
1798,12417,12061
1799,14259,13424
1800,14567,13942
1801,14379,13753
1802,13433,12598
1803,11348,10787
1804,8622,8398
1805,5988,5726
1806,4120,3853
1807,2098,2212
1808,1676,1482
1809,1937,1705
1810,3071,2980
1811,5258,4931
1812,7863,7170
1813,9975,9591
1814,12419,12025
1815,14248,13458
1816,14753,14108
1817,14350,13754
1818,13113,12576
1819,11694,10924
1820,8666,8352
1821,5868,5808
1822,4290,3896
1823,2419,2437
1824,1726,1571
1825,2142,2116
1826,3355,3009
1827,5144,4953
1828,7701,7198
1829,10475,9749
1830,12450,11760
1831,13885,13078
1832,14830,14116
1833,14395,13756
1834,13103,12486
1835,11261,10949
1836,8737,8568
1837,6336,5981
1838,4089,4075
1839,2555,2285
1840,1204,1499
1841,2221,1916
1842,3040,2903
1843,4970,4761
1844,8068,7618
1845,10453,9734
1846,12289,11926
1847,13761,13401
1848,14677,14039
1849,14554,13621
1850,13116,12600
1851,11478,10647
1852,8822,8495
1853,5902,5789
1854,4541,4052
1855,2284,2227
1856,1554,1465
1857,2064,1834
1858,3116,2951
1859,4914,4788
1860,8088,7527
1861,10170,9637
1862,12539,11828
1863,13863,13278
1864,14545,14068
1865,14535,13747
1866,13189,12660
1867,11136,10834
1868,8786,8326
1869,6093,6087
1870,4050,3703
1871,2176,2291
1872,1547,1448
1873,1812,1795
1874,3430,2986
1875,5280,5033
1876,7614,7097
1877,10004,9554
1878,12399,11686
1879,14091,13285
1880,14708,14165
1881,14472,13909
1882,13301,12586
1883,11269,10703
1884,8575,8239
1885,6158,5861
1886,3873,3700
1887,2254,2220
1888,1860,1617
1889,2291,2038
1890,3144,2899
1891,5120,4933
1892,7779,7484
1893,10464,9893
1894,12540,11796
1895,14416,13488
1896,14565,14141
1897,14224,13665
1898,13088,12543
1899,11417,10901
1900,8792,8251
1901,6389,5927
1902,3778,3576
1903,2349,2292
1904,1563,1626
1905,2038,1729
1906,3238,2962
1907,5426,4985
1908,7436,7308
1909,10187,9707
1910,12662,11781
1911,13816,13377
1912,14713,14029
1913,14580,13705
1914,12943,12530
1915,11415,10807
1916,8726,8406
1917,6106,5842
1918,4173,3836
1919,2184,2390
1920,1433,1458
1921,2169,1674
1922,2998,2859
1923,5098,4894
1924,7918,7507
1925,9908,9695
1926,12774,11965
1927,13947,13359
1928,14498,14030
1929,14263,13741
1930,13128,12474
1931,11520,10754
1932,8365,8316
1933,6387,5852
1934,3904,4051
1935,2376,2241
1936,1860,1577
1937,1813,1700
1938,3475,3116
1939,5493,5050
1940,7329,7154
1941,9977,9531
1942,12512,11692
1943,14324,13368
1944,14645,13988
1945,14688,14043
1946,13012,12537
1947,11261,10596
1948,8769,8473
1949,6110,5807
1950,4200,3882
1951,2285,2446
1952,1687,1440
1953,1935,1762
1954,3241,3091
1955,4940,4890
1956,7517,7085
1957,10354,9791
1958,12622,11773
1959,13791,13405
1960,14674,13905
1961,14456,13753
1962,13517,12806
1963,11334,10868
1964,8642,8461
1965,6060,5701
1966,4164,3995
1967,2247,2189
1968,1316,1413
1969,2148,1848
1970,3099,2851
1971,5125,4905
1972,8008,7419
1973,10025,9674
1974,12470,12013
1975,13865,13406
1976,14947,14102
1977,14430,13875
1978,13152,12629
1979,11269,10685
1980,9070,8481
1981,5944,5773
1982,3993,3840
1983,2474,2177
1984,1498,1606
1985,2147,1917
1986,3016,3028
1987,5523,4957
1988,7677,7220
1989,10199,9767
1990,12720,11986
1991,14074,13550
1992,14419,14152
1993,14690,13738
1994,12925,12424
1995,11180,10672
1996,8501,8422
1997,6226,5972
1998,3961,3695
1999,2153,2434
2000,1723,1456
2001,1945,1963
2002,3405,3091
2003,5071,4943
2004,7958,7463
2005,10143,9838
2006,12386,11875
2007,14116,13423
2008,14323,13795
2009,14787,13877
2010,13152,12615
2011,11273,10673
2012,8790,8630
2013,5984,5875
2014,4158,3811
2015,2312,2284
2016,1548,1590
2017,2016,1882
2018,3220,3047
2019,5052,4798
2020,7884,7401
2021,10056,9629
2022,12358,11759
2023,14148,13452
2024,15032,14140
2025,14193,13627
2026,12974,12524
2027,11105,10701
2028,8903,8366
2029,5751,5659
2030,4353,3837
2031,2324,2198
2032,1440,1664
2033,1967,1900
2034,3087,3008
2035,5268,4904
2036,7755,7303
2037,9820,9341
2038,12489,11875
2039,14278,13482
2040,14893,14282
2041,14438,13721
2042,13089,12626
2043,11317,10755
2044,8633,8254
2045,6109,6091
2046,4177,3814
2047,2401,2378
2048,1739,1543
2049,2108,1797
2050,3353,3030
2051,5327,5018
2052,7637,7181
2053,9706,9497
2054,12689,11817
2055,14028,13358
2056,14866,14224
2057,14259,13783
2058,13158,12413
2059,11227,10955
2060,8832,8358
2061,6132,6010
2062,4185,3917
2063,2399,2285
2064,1880,1639
2065,2116,1833
2066,2969,2958
2067,5220,4894
2068,7957,7355
2069,10027,9608
2070,12196,11555
2071,13754,13376
2072,14982,14158
2073,14476,13864
2074,13258,12680
2075,11021,10783
2076,8822,8418
2077,6224,5887
2078,4147,4037
2079,2050,2143
2080,1712,1583
2081,2244,1854
2082,3167,2995
2083,5449,4922
2084,7636,7231
2085,10146,9594
2086,12532,11871
2087,14220,13566
2088,14859,13999
2089,14229,13716
2090,13120,12411
2091,10992,10647
2092,8935,8418
2093,5878,5802
2094,4053,3840
2095,2284,2225
2096,1764,1494
2097,2139,1850
2098,3080,3074
2099,5179,4924
2100,7711,7220
2101,10215,9706
2102,12540,11905
2103,14385,13505
2104,14479,14147
2105,14673,13754
2106,12903,12526
2107,11078,10814
2108,8686,8344
2109,6134,5970
2110,3805,3822
2111,2582,2297
2112,1478,1473
2113,1897,1805
2114,2991,3032
2115,5520,4976
2116,8027,7370
2117,10057,9642
2118,12076,11729
2119,14244,13442
2120,14644,14088
2121,14544,13711
2122,13113,12619
2123,11330,10859
2124,8576,8441
2125,5989,5863
2126,4252,3859
2127,2514,2281
2128,1409,1342
2129,1939,1941
2130,3102,3000
2131,5308,4919
2132,7771,7309
2133,10193,9642
2134,12391,11799
2135,14033,13434
2136,14619,13854
2137,14347,13606
2138,13212,12556
2139,11159,10727
2140,8465,8272
2141,6177,5851
2142,3941,3682
2143,2074,2201
2144,1461,1457
2145,2289,2017
2146,3018,2789
2147,5200,4919
2148,7422,7019
2149,10441,9605
2150,12588,12055
2151,14300,13517
2152,14324,13935
2153,14662,13815
2154,13033,12558
2155,11136,10688
2156,8598,8461
2157,6482,6040
2158,4181,3868
2159,2307,2394
2160,1407,1423
2161,1965,1838
2162,3370,2996
2163,5333,5074
2164,7733,7367
2165,9974,9643
2166,12586,11894
2167,13827,13241
2168,14497,14025
2169,14749,13933
2170,13160,12542
2171,11207,10794
2172,8532,8323
2173,6048,5858
2174,3861,3696
2175,2617,2104
2176,1690,1573
2177,1852,1786
2178,3365,3079
2179,4958,4854
2180,8004,7328
2181,10278,9808
2182,12434,11879
2183,13869,13353
2184,14458,13804
2185,14560,13931
2186,12749,12348
2187,11326,10724
2188,9098,8368
2189,5836,5761
2190,4194,4000
2191,2043,2153
2192,1576,1462
2193,2120,1976
2194,2895,2883
2195,5269,4982
2196,7770,7355
2197,10462,9846
2198,12577,12089
2199,13749,13265
2200,14715,13935
2201,14740,13813
2202,13050,12568
2203,11231,10642
2204,8489,8317
2205,6174,5796
2206,4182,3687
2207,2301,2424
2208,1370,1394
2209,2094,1899
2210,3156,2993
2211,5006,4978
2212,7875,7272
2213,10288,9737
2214,12418,11988
2215,13702,13247
2216,14802,13887
2217,14132,13709
2218,13235,12549
2219,11343,10866
2220,8657,8473
2221,6098,5945
2222,4179,3672
2223,2230,2202
2224,1605,1478
2225,2062,1821
2226,3201,2844
2227,5145,4796
2228,7874,7323
2229,10021,9731
2230,12603,11982
2231,13901,13392
2232,14807,14188
2233,14633,13815
2234,13123,12594
2235,11224,10669
2236,9051,8526
2237,5970,5745
2238,4329,3898
2239,2264,2213
2240,1397,1395
2241,2161,1825
2242,3359,2973
2243,5049,4875
2244,7832,7376
2245,10314,9574
2246,12723,11879
2247,13868,13409
2248,14524,14038
2249,14214,13608
2250,13087,12529
2251,11066,10701
2252,8800,8285
2253,6176,6218
2254,4207,3961
2255,2060,2189
2256,1984,1676
2257,1967,1853
2258,2915,2802
2259,5075,4762
2260,8193,7581
2261,10203,9675
2262,12381,11810
2263,14225,13503
2264,14856,14010
2265,14394,13664
2266,13178,12653
2267,11042,10589
2268,8864,8321
2269,6073,5961
2270,3808,3874
2271,2299,2270
2272,1930,1638
2273,1861,1867
2274,2871,2934
2275,5589,5107
2276,7618,7302
2277,10513,9842
2278,12151,11815
2279,14107,13465
2280,14639,13928
2281,14677,13835
2282,12776,12510
2283,11397,10747
2284,8656,8311
2285,6325,5969
2286,3683,3702
2287,2595,2213
2288,1553,1629
2289,2129,1938
2290,3296,2914
2291,5463,4958
2292,7487,7187
2293,10095,9517
2294,12735,11752
2295,14091,13374
2296,14391,13945
2297,14783,13892
2298,12991,12445
2299,11143,10757
2300,8806,8329
2301,6089,5808
2302,4293,3853
2303,2250,2106
2304,1998,1721
2305,1645,1675
2306,3283,2935
2307,5401,5194
2308,7950,7398
2309,10145,9563
2310,12577,11885
2311,14087,13442
2312,14900,13875
2313,14070,13560
2314,13013,12679
2315,11324,10820
2316,8748,8383
2317,5900,5769
2318,4275,3917
2319,2332,2217
2320,1667,1617
2321,1775,1870
2322,3130,3031
2323,4895,4726
2324,8337,7512
2325,10101,9700
2326,12446,11979
2327,14102,13457
2328,14900,14038
2329,14418,13737
2330,13284,12591
2331,10985,10663
2332,8682,8360
2333,5936,5819
2334,4198,3933
2335,2225,2219
2336,1521,1525
2337,2154,1845
2338,2924,2932
2339,5440,4864
2340,7415,7190
2341,10376,9735
2342,12591,11895
2343,13643,13292
2344,14673,13981
2345,14446,13675
2346,13406,12656
2347,11376,11015
2348,8572,8385
2349,6067,5969
2350,3943,3581
2351,2132,2192
2352,1851,1604
2353,2088,1843
2354,3213,3016
2355,5399,4994
2356,7691,7376
2357,10021,9378
2358,12578,11909
2359,14073,13522
2360,14580,14061
2361,14524,13757
2362,12932,12508
2363,11134,10771
2364,8918,8512
2365,6322,6042
2366,4351,4091
2367,2154,2243
2368,1342,1492
2369,1975,1686
2370,3354,2998
2371,5220,4988
2372,7868,7518
2373,9997,9626
2374,12418,11794
2375,14065,13431
2376,14812,14098
2377,14050,13607
2378,13266,12466
2379,11164,10793
2380,8622,8473
2381,6372,6021
2382,4007,4173
2383,2071,2214
2384,1741,1426
2385,1912,1775
2386,3020,3069
2387,5319,5036
2388,7791,7384
2389,10655,9846
2390,12244,11819
2391,14094,13394
2392,14605,14036
2393,14442,13785
2394,13079,12438
2395,11326,10582
2396,8657,8349
2397,5988,5778
2398,4117,3773
2399,2440,2359
2400,1920,1624
2401,1972,1906
2402,3418,3081
2403,4895,5024
2404,7988,7500
2405,9750,9535
2406,12314,11630
2407,14306,13544
2408,14864,14016
2409,14424,13763
2410,12973,12610
2411,11329,10830
2412,8624,8288
2413,5787,5778
2414,4222,3749
2415,2425,2212
2416,1401,1391
2417,2240,1930
2418,2999,2751
2419,5586,5034
2420,7596,7287
2421,10248,9853
2422,12586,11972
2423,13585,13444
2424,14996,14130
2425,14461,13856
2426,12594,12360
2427,11244,10748
2428,8434,8268
2429,6438,5911
2430,4002,3984
2431,2385,2241
2432,1844,1638
2433,1958,1907
2434,3121,2847
2435,5005,4967
2436,7497,7153
2437,10710,9770
2438,12407,11996
2439,13926,13430
2440,14973,14025
2441,14149,13754
2442,13277,12549
2443,11008,10520
2444,9034,8419
2445,5922,5973
2446,4133,3787
2447,2296,2412
2448,1625,1385
2449,1916,1879
2450,3110,2985
2451,5315,4872
2452,7921,7428
2453,10067,9461
2454,12669,11948
2455,13864,13369
2456,14459,13963
2457,14365,13723
2458,13384,12466
2459,11473,10820
2460,8583,8251
2461,6081,5902
2462,4154,3824
2463,2523,2312
2464,1315,1511
2465,2275,1932
2466,3324,3271
2467,5130,4903
2468,7709,7096
2469,10384,9783
2470,12766,12148
2471,13711,13222
2472,14842,13888
2473,14357,13718
2474,13302,12597
2475,11318,10821
2476,8711,8299
2477,5778,5795
2478,3928,3736
2479,2510,2318
2480,1286,1472
2481,2070,1844
2482,3074,2992
2483,5165,4899
2484,7485,7074
2485,10109,9603
2486,12388,11822
2487,14206,13323
2488,14500,14011
2489,14465,13749
2490,13418,12678
2491,11154,10644
2492,8647,8321
2493,6213,5775
2494,4347,4097
2495,2009,2018
2496,1528,1555
2497,2246,1896
2498,3151,3046
2499,5470,4979
2500,7469,6999
2501,10631,9908
2502,12101,11632
2503,14104,13468
2504,14628,14034
2505,14549,13698
2506,13056,12510
2507,11036,10713
2508,8555,8200
2509,6314,5910
2510,3935,3758
2511,2441,2187
2512,1764,1616
2513,2051,1901
2514,3018,2966
2515,5335,4972
2516,8022,7557
2517,10174,9826
2518,12221,11797
2519,14299,13558
2520,14213,14042
2521,14822,13895
2522,13075,12760
2523,11092,10644
2524,8653,8183
2525,6292,5965
2526,3695,3741
2527,2321,2167
2528,1929,1655
2529,1787,1879
2530,3402,3192
2531,4856,4656
2532,7860,7346
2533,10396,9570
2534,12236,11889
2535,14306,13529
2536,14586,13949
2537,14454,13777
2538,13259,12696
2539,11139,10718
2540,8518,8247
2541,6207,5989
2542,4149,3833
2543,2191,2247
2544,1402,1507
2545,2164,1994
2546,3084,2931
2547,5662,5055
2548,7821,7354
2549,9799,9541
2550,12415,11845
2551,14072,13383
2552,14450,13855
2553,14630,13851
2554,12934,12419
2555,11253,10737
2556,8924,8291
2557,6131,5962
2558,4130,3818
2559,2050,2242
2560,1615,1627
2561,2300,1961
2562,3326,2919
2563,5281,4948
2564,7595,7313
2565,9830,9519
2566,12882,11958
2567,14144,13468
2568,14603,13900
2569,14217,13702
2570,12962,12613
2571,11440,10837
2572,8956,8512
2573,5814,5800
2574,3897,3647
2575,2392,2281
2576,1595,1531
2577,2196,1942
2578,3145,3027
2579,5239,4986
2580,7763,7217
2581,10071,9700
2582,12524,12024
2583,13667,13370
2584,14600,14059
2585,14511,13569
2586,13126,12343
2587,11151,10824
2588,8583,8460
2589,6027,5878
2590,4317,4029
2591,2141,2135
2592,2021,1580
2593,1993,1726
2594,3525,3182
2595,5248,4963
2596,8082,7399
2597,10042,9402
2598,12249,11784
2599,14329,13473
2600,14659,13875
2601,14440,13852
2602,13306,12627
2603,11305,10848
2604,8554,8201
2605,6252,6037
2606,4050,3861
2607,2187,2273
2608,1825,1637
2609,2002,1817
2610,3069,2957
2611,5417,5066
2612,7592,7067
2613,10203,9775
2614,12366,11910
2615,14014,13232
2616,14914,14114
2617,14420,13836
2618,12950,12557
2619,11463,10667
2620,8730,8723
2621,6060,5955
2622,3879,3836
2623,2436,2109
2624,1656,1562
2625,1981,1905
2626,3004,2875
2627,4903,4859
2628,7901,7426
2629,10152,9589
2630,12641,11748
2631,14165,13484
2632,14712,14177
2633,14228,13745
2634,13014,12318
2635,11193,10834
2636,8623,8255
2637,6236,5846
2638,4048,3854
2639,2313,2286
2640,1621,1457
2641,2025,1822
2642,3229,3028
2643,5135,4890
2644,7695,7329
2645,10313,9779
2646,12439,11870
2647,13838,13294
2648,14807,14068
2649,14103,13697
2650,13018,12484
2651,11442,10661
2652,8884,8316
2653,6237,6228
2654,4039,3796
2655,2326,2329
2656,1592,1607
2657,2054,1887
2658,3091,2884
2659,5329,4945
2660,7629,7411
2661,10078,9513
2662,12394,11759
2663,14167,13546
2664,14588,13914
2665,14611,13842
2666,12858,12526
2667,11176,10670
2668,8822,8543
2669,6079,5678
2670,3976,3898
2671,2066,2132
2672,1598,1570
2673,1783,1815
2674,3530,2959
2675,5142,4928
2676,7543,7356
2677,10066,9480
2678,12490,11822
2679,14530,13646
2680,14679,14293
2681,14282,13601
2682,13260,12590
2683,11185,10798
2684,8549,8405
2685,6006,5783
2686,4193,3748
2687,2081,2236
2688,1743,1576
2689,2074,1757
2690,3294,3061
2691,5193,4811
2692,7703,7453
2693,10114,9677
2694,12380,11748
2695,14309,13353
2696,14624,14089
2697,14428,13719
2698,13021,12386
2699,11105,10839
2700,8939,8365
2701,5810,5682
2702,4198,4127
2703,2440,2395
2704,1410,1338
2705,1997,1947
2706,3166,3001
2707,5155,4820
2708,7578,7219
2709,10374,9593
2710,12469,11937
2711,14249,13670
2712,14920,14093
2713,14051,13611
2714,13107,12456
2715,11319,10770
2716,8808,8331
2717,6139,5922
2718,4021,3905
2719,2228,2220
2720,1867,1464
2721,1991,1673
2722,3092,3036
2723,5490,5099
2724,7957,7432
2725,10212,9641
2726,12371,11864
2727,13861,13233
2728,14901,13975
2729,14328,13751
2730,12972,12403
2731,11187,10949
2732,8945,8359
2733,5871,6148
2734,4081,3765
2735,2393,2292
2736,1397,1418
2737,2157,1804
2738,3348,2965
2739,4858,4762
2740,8307,7457
2741,10184,9545
2742,12333,11767
2743,13899,13402
2744,14698,14004
2745,14409,13726
2746,13251,12610
2747,10949,10841
2748,8827,8420
2749,5916,5645
2750,4052,3869
2751,2387,2220
2752,1471,1416
2753,2262,1897
2754,3285,2967
2755,5012,4765
2756,7863,7420
2757,10435,9805
2758,12266,11825
2759,13994,13378
2760,14758,14059
2761,14248,13774
2762,13136,12465
2763,11162,10711
2764,8442,8355
2765,6220,5820
2766,4171,3958
2767,2259,2150
2768,1948,1517
2769,2116,1825
2770,3158,2951
2771,5021,4821
2772,7808,7391
2773,10323,9510
2774,12212,11800
2775,13598,13097
2776,15007,13994
2777,14509,13781
2778,13215,12755
2779,11220,10603
2780,8664,8561
2781,6154,5968
2782,3838,3781
2783,2256,2231
2784,1667,1495
2785,2012,1677
2786,3175,2935
2787,4987,4932
2788,7894,7281
2789,10619,9709
2790,12194,11855
2791,13900,13333
2792,14737,14055
2793,14272,13503
2794,13141,12436
2795,11302,10743
2796,8423,8377
2797,6198,5864
2798,4134,3861
2799,2238,2356
2800,1786,1506
2801,2136,1969
2802,3207,3086
2803,5325,4978
2804,7451,7083
2805,10385,9635
2806,12712,11973
2807,14109,13409
2808,14347,13901
2809,14653,13888
2810,13223,12457
2811,11042,10695
2812,8519,8423
2813,6264,5921
2814,4120,4036
2815,2246,2147
2816,1698,1646
2817,1952,1909
2818,3368,3131
2819,5082,4941
2820,7667,7284
2821,9819,9414
2822,12640,11931
2823,14005,13431
2824,14676,13937
2825,14692,13830
2826,13063,12470
2827,11251,10835
2828,8584,8501
2829,6218,5953
2830,4147,4071
2831,1928,2124
2832,1757,1549
2833,1980,1775
2834,3140,2963
2835,5076,4787
2836,8280,7576
2837,9934,9552
2838,12955,12130
2839,14169,13538
2840,14483,13898
2841,14366,13781
2842,13315,12646
2843,10730,10589
2844,8945,8323
2845,6015,5693
2846,3875,3688
2847,2356,2354
2848,1471,1455
2849,1841,1835
2850,3494,3229
2851,5335,4973
2852,7351,7078
2853,10178,9479
2854,12876,12099
2855,14072,13435
2856,14221,13947
2857,14722,13910
2858,13036,12547
2859,11014,10749
2860,8791,8350
2861,6234,5801
2862,3831,3696
2863,2303,2425
2864,1628,1428
2865,2169,1946
2866,3406,2967
2867,5173,4981
2868,7873,7454
2869,10561,9880
2870,12156,11859
2871,14228,13460
2872,14616,14185
2873,14581,13906
2874,12869,12461
2875,11138,10629
2876,8700,8283
2877,6254,5961
2878,4052,3909
2879,2080,2124
2880,1728,1686
2881,1627,1822
2882,3462,3076
2883,5048,4988
2884,7787,7178
2885,10031,9613
2886,12516,11913
2887,14454,13582
2888,14455,14098
2889,14665,13859
2890,12767,12342
2891,11356,10796
2892,8653,8323
2893,6341,5930
2894,4035,3824
2895,2285,2265
2896,1635,1477
2897,2058,1795
2898,3164,2954
2899,5361,4910
2900,7634,7177
2901,10302,9661
2902,12449,11815
2903,13828,13246
2904,14938,14206
2905,14538,13916
2906,13179,12700
2907,11375,10822
2908,8210,7979
2909,6057,6011
2910,4029,3721
2911,2139,2253
2912,1882,1620
2913,1826,1872
2914,3291,3090
2915,5321,5208
2916,7859,7366
2917,10301,9618
2918,12041,11649
2919,13828,13283
2920,15036,14059
2921,14550,13939
2922,13076,12535
2923,11192,10836
2924,8396,8231
2925,6300,5936
2926,4066,3772
2927,2600,2245
2928,1561,1505
2929,1793,1671
2930,3245,3085
2931,5302,4948
2932,7498,7214
2933,10160,9690
2934,12799,11962
2935,13811,13395
2936,14529,13868
2937,14663,13918
2938,12993,12533
2939,11421,10824
2940,8673,8163
2941,6083,5851
2942,3673,3656
2943,2202,2100
2944,1710,1507
2945,2041,1766
2946,3354,3245
2947,5101,4769
2948,7845,7169
2949,10189,9523
2950,12408,11871
2951,14352,13531
2952,14696,14057
2953,14125,13787
2954,13122,12528
2955,11297,10846
2956,8919,8405
2957,6105,5979
2958,3628,3718
2959,2316,2103
2960,1654,1619
2961,2081,1811
2962,3309,3048
2963,5394,4935
2964,7191,7076
2965,10257,9655
2966,12591,11758
2967,14176,13455
2968,14554,13997
2969,14483,13680
2970,13170,12634
2971,11261,10754
2972,8376,8202
2973,6284,5890
2974,4197,3792
2975,2251,2040
2976,1589,1507
2977,1961,1775
2978,3417,3041
2979,4958,4843
2980,7926,7440
2981,10343,9872
2982,12442,11702
2983,13866,13345
2984,14707,13973
2985,14331,13624
2986,13048,12427
2987,11275,10843
2988,8909,8433
2989,5728,5670
2990,4440,3928
2991,2187,2149
2992,1705,1622
2993,1767,1768
2994,3095,2951
2995,4989,4740
2996,8012,7458
2997,10123,9677
2998,12430,11896
2999,14034,13383
3000,14911,14008
3001,14202,13650
3002,13118,12627
3003,11130,10777
3004,8723,8482
3005,6281,5791
3006,4034,3723
3007,2210,2219
3008,1584,1464
3009,1950,1737
3010,3384,2996
3011,5047,4986
3012,7378,7099
3013,10389,9831
3014,12541,11772
3015,14031,13301
3016,14734,14073
3017,14381,13679
3018,13322,12811
3019,10923,10518
3020,8772,8384
3021,5901,5899
3022,3778,3686
3023,2372,2263
3024,1604,1563
3025,2146,1957
3026,3300,3145
3027,5371,4963
3028,7693,7232
3029,10389,9737
3030,12367,11671
3031,14108,13444
3032,14558,13849
3033,14842,13818
3034,12889,12459
3035,11364,10675
3036,8694,8457
3037,6007,5829
3038,4134,3929
3039,2413,2318
3040,1545,1373
3041,1732,2012
3042,3200,2939
3043,5413,5106
3044,7516,7277
3045,10196,9680
3046,12753,11874
3047,13914,13414
3048,14699,14014
3049,14382,13821
3050,13241,12452
3051,11213,10702
3052,8642,8231
3053,6168,6003
3054,3992,3744
3055,2375,2298
3056,1583,1449
3057,2126,1933
3058,3154,2742
3059,5645,4965
3060,7358,7168
3061,10561,9858
3062,12382,11915
3063,14059,13326
3064,14792,13918
3065,14379,13805
3066,13087,12624
3067,11306,10805
3068,8802,8391
3069,5930,5805
3070,4291,3956
3071,2193,2179
3072,1610,1448
3073,2005,1755
3074,3265,2977
3075,5327,5056
3076,7966,7543
3077,10330,9653
3078,12256,11879
3079,14539,13616
3080,14499,14172
3081,14202,13750
3082,13214,12455
3083,11180,10817
3084,8467,8186
3085,6209,5833
3086,3956,3792
3087,2432,2206
3088,1554,1449
3089,1821,1812
3090,3817,3298
3091,4897,4781
3092,7470,7124
3093,10173,9649
3094,12573,11780
3095,14103,13532
3096,14725,14157
3097,14454,13742
3098,13049,12698
3099,11272,10842
3100,8638,8113
3101,6072,5817
3102,3707,3781
3103,2516,2311
3104,1737,1616
3105,1771,1884
3106,3318,3051
3107,5273,4856
3108,7951,7345
3109,10158,9599
3110,12277,11850
3111,14047,13537
3112,14918,14042
3113,14447,13783
3114,12818,12586
3115,11247,10703
3116,8918,8310
3117,6357,6086
3118,3974,3847
3119,2292,2175
3120,1588,1458
3121,1937,1780
3122,3125,2815
3123,5394,5003
3124,7249,7153
3125,10586,9777
3126,12490,11811
3127,14173,13352
3128,14780,14093
3129,14172,13816
3130,13275,12707
3131,11012,10712
3132,8621,8308
3133,6162,5635
3134,4094,3928
3135,2428,2291
3136,1601,1431
3137,1858,1871
3138,3084,2877
3139,5302,5002
3140,7642,7285
3141,10531,9787
3142,12386,11830
3143,13888,13379
3144,14617,13963
3145,14555,13778
3146,13223,12479
3147,11110,10612
3148,8667,8362
3149,6102,5729
3150,4218,3773
3151,2350,2396
3152,1453,1418
3153,1871,1734
3154,3605,3181
3155,5195,4896
3156,7809,7315
3157,9763,9393
3158,12519,11918
3159,14089,13384
3160,14895,13931
3161,14252,13802
3162,13203,12618
3163,11196,10732
3164,8879,8369
3165,6036,5667
3166,4096,3910
3167,2407,2387
3168,1773,1534
3169,2026,1931
3170,3151,2918
3171,5327,4887
3172,7752,7246
3173,10172,9720
3174,12877,12029
3175,13811,13330
3176,14835,14085
3177,14365,13682
3178,13043,12400
3179,11410,10739
3180,8628,8349
3181,5864,5648
3182,3958,3785
3183,2202,2113
3184,1450,1335
3185,2151,1873
3186,2978,2914
3187,5018,4852
3188,7997,7384
3189,10116,9576
3190,12341,12063
3191,14200,13520
3192,14518,13974
3193,14585,13739
3194,13134,12457
3195,11105,10829
3196,8953,8404
3197,6083,5921
3198,3848,3735
3199,2285,2110
3200,1333,1511
3201,1962,1963
3202,3539,3076
3203,5214,4928
3204,7527,7207
3205,10347,9814
3206,12873,11927
3207,13684,13289
3208,14866,14000
3209,14374,13971
3210,12952,12556
3211,11351,10685
3212,8832,8236
3213,6094,5821
3214,3748,3665
3215,2211,2282
3216,1724,1432
3217,2198,2030
3218,2792,2968
3219,5314,4988
3220,7576,7081
3221,10471,9926
3222,12312,11776
3223,14182,13390
3224,14292,13861
3225,14557,13722
3226,13256,12616
3227,11114,10622
3228,8624,8317
3229,5961,5904
3230,4190,3801
3231,2416,2270
3232,1475,1620
3233,2063,1769
3234,3380,2892
3235,5053,4921
3236,7749,7188
3237,10170,9530
3238,12377,11886
3239,14222,13479
3240,14636,13896
3241,14527,13757
3242,12974,12507
3243,11362,10817
3244,8846,8303
3245,5997,6135
3246,3847,3672
3247,2639,2389
3248,1606,1617
3249,1837,1683
3250,3297,3024
3251,5645,5037
3252,7553,7055
3253,10410,9711
3254,12316,11627
3255,14216,13453
3256,14941,14098
3257,14437,13682
3258,13127,12532
3259,11145,10679
3260,8925,8312
3261,5862,5772
3262,4172,3728
3263,2316,2268
3264,1640,1508
3265,2076,1886
3266,3341,2806
3267,4988,4931
3268,7822,7202
3269,10275,9699
3270,12636,11839
3271,14312,13322
3272,14531,13967
3273,14404,13828
3274,12825,12322
3275,11528,10795
3276,8849,8329
3277,5804,5684
3278,4244,3883
3279,2151,2223
3280,1746,1421
3281,1913,1987
3282,3572,3169
3283,5119,5030
3284,7993,7356
3285,10176,9712
3286,12389,11819
3287,14184,13468
3288,14495,13826
3289,14670,13917
3290,13068,12416
3291,11073,10733
3292,8688,8295
3293,6052,6094
3294,4087,3650
3295,2419,2332
3296,1337,1413
3297,2438,2253
3298,3313,2935
3299,5230,5002
3300,7721,7264
3301,10482,9734
3302,12386,11856
3303,13848,13311
3304,15170,14123
3305,14189,13874
3306,12962,12555
3307,11325,10760
3308,8599,8350
3309,6430,5942
3310,3653,3621
3311,2278,2219
3312,1753,1552
3313,2261,1873
3314,3463,3113
3315,5166,4869
3316,7689,7395
3317,10216,9748
3318,12826,11901
3319,14328,13597
3320,14342,13868
3321,14502,13870
3322,13237,12677
3323,11069,10658
3324,9042,8373
3325,6021,5836
3326,3713,3634
3327,2265,2242
3328,1897,1556
3329,2034,1833
3330,3297,2890
3331,5160,4891
3332,7786,7213
3333,10465,9647
3334,12291,11708
3335,14065,13386
3336,14698,14056
3337,14470,13872
3338,13066,12505
3339,11472,10805
3340,8581,8288
3341,5995,5744
3342,3989,3921
3343,2197,2081
3344,1816,1646
3345,2278,1810
3346,3082,2961
3347,5362,4973
3348,7962,7374
3349,10306,9517
3350,12447,11817
3351,13780,13300
3352,14837,14162
3353,14602,13774
3354,13147,12506
3355,11135,10695
3356,8627,8265
3357,6269,6068
3358,3844,3561
3359,2313,2322
3360,1767,1629
3361,2026,1894
3362,3103,2814
3363,5287,4999
3364,7235,7051
3365,10357,9713
3366,12811,11967
3367,14019,13291
3368,14969,14138
3369,14205,13710
3370,13213,12518
3371,11157,10535
3372,8625,8308
3373,6140,5843
3374,3978,3576
3375,2257,2201
3376,1580,1454
3377,1953,1764
3378,3272,2929
3379,5172,4893
3380,7623,7218
3381,10537,9724
3382,12337,11942
3383,14019,13425
3384,14765,14053
3385,14656,13809
3386,12910,12455
3387,11419,10798
3388,8616,8196
3389,5954,5826
3390,4118,3824
3391,2532,2215
3392,1593,1542
3393,2326,1901
3394,3040,2981
3395,5294,5082
3396,7917,7416
3397,10104,9633
3398,12700,11834
3399,14076,13486
3400,14482,13966
3401,14553,13846
3402,13104,12492
3403,11387,10728
3404,8633,8318
3405,6050,5867
3406,4034,3621
3407,2263,2102
3408,1643,1656
3409,2092,1826
3410,3240,2886
3411,4911,5010
3412,7517,7091
3413,10628,9884
3414,12383,11826
3415,13776,13298
3416,14661,13978
3417,14587,13909
3418,13650,12606
3419,10889,10541
3420,8821,8391
3421,6250,6025
3422,3672,3475
3423,2407,2190
3424,1621,1447
3425,1854,1770
3426,3477,3054
3427,4880,4949
3428,7913,7332
3429,10183,9708
3430,12849,11828
3431,13602,13262
3432,14985,14153
3433,14313,13698
3434,12896,12550
3435,11376,10807
3436,8722,8189
3437,6141,6065
3438,3843,3817
3439,2349,2326
3440,1713,1474
3441,2196,1936
3442,3347,3089
3443,5074,4868
3444,7589,7224
3445,10025,9515
3446,12718,11916
3447,13838,13272
3448,14814,14058
3449,14566,13952
3450,12949,12519
3451,11299,10776
3452,8724,8442
3453,6242,6019
3454,4084,3632
3455,2135,2072
3456,1955,1630
3457,1768,1768
3458,3422,3009
3459,5026,4864
3460,7866,7258
3461,10499,9752
3462,12486,11905
3463,13881,13352
3464,14810,13952
3465,14062,13659
3466,13447,12639
3467,11150,10619
3468,8722,8530
3469,6206,5747
3470,4101,3949
3471,2234,2311
3472,1646,1457
3473,1908,1835
3474,3278,2820
3475,5241,4873
3476,7939,7343
3477,10082,9626
3478,12342,11816
3479,14202,13315
3480,14562,14028
3481,14786,13909
3482,13102,12560
3483,11130,10815
3484,8825,8332
3485,6147,5787
3486,3987,3848
3487,2172,2074
3488,1567,1540
3489,2439,1987
3490,3182,2912
3491,5170,5020
3492,7628,7196
3493,10161,9463
3494,12561,11895
3495,14109,13670
3496,14550,13976
3497,14692,13801
3498,12865,12395
3499,11530,10758
3500,8805,8254
3501,5884,5793
3502,3801,3753
3503,2090,2226
3504,1740,1500
3505,1884,1974
3506,3477,3155
3507,5180,4988
3508,7904,7482
3509,10053,9693
3510,12458,11872
3511,14222,13406
3512,14655,13843
3513,14426,13859
3514,12758,12419
3515,11374,10730
3516,8505,8376
3517,6120,5864
3518,4098,3621
3519,2407,2269
3520,1553,1441
3521,2117,1994
3522,3385,2916
3523,5003,5077
3524,7726,7173
3525,10350,9848
3526,12684,11865
3527,13964,13366
3528,14690,13856
3529,14441,13894
3530,12946,12478
3531,11510,10861
3532,8502,8208
3533,6029,5854
3534,3853,3803
3535,2504,2230
3536,1860,1672
3537,1992,1804
3538,3077,2856
3539,5400,5133
3540,7729,7179
3541,10098,9554
3542,12292,11683
3543,13998,13323
3544,14778,14086
3545,14600,13812
3546,13246,12560
3547,11254,10896
3548,8583,8226
3549,5795,5766
3550,4290,3833
3551,2216,2310
3552,1442,1417
3553,2177,1965
3554,3140,2929
3555,5374,5118
3556,7709,7098
3557,9969,9446
3558,12591,11970
3559,14347,13579
3560,14741,14043
3561,14676,13750
3562,12983,12489
3563,10995,10576
3564,8468,8175
3565,6110,5845
3566,4227,3766
3567,2303,2173
3568,1567,1537
3569,2059,1765
3570,3252,3064
3571,4893,4725
3572,8006,7539
3573,10238,9504
3574,12352,11671
3575,14152,13510
3576,14668,13934
3577,14525,13791
3578,13175,12717
3579,11128,10629
3580,8810,8409
3581,5841,5722
3582,4130,3815
3583,2534,2282
3584,1629,1536
3585,1786,1659
3586,3079,3022
3587,5634,4872
3588,7662,7283
3589,10064,9528
3590,12903,11913
3591,14322,13410
3592,14565,14034
3593,14193,13698
3594,13261,12454
3595,11431,10722
3596,8506,8277
3597,6291,5849
3598,3938,3668
3599,2268,2180
3600,1458,1515
3601,2032,1829
3602,3224,2730
3603,5563,5074
3604,7396,7228
3605,10281,9642
3606,12563,12036
3607,13927,13114
3608,14706,13934
3609,14335,13789
3610,13085,12531
3611,11169,10650
3612,8618,8112
3613,6100,5918
3614,4089,3801
3615,2421,2273
3616,1660,1412
3617,1672,1714
3618,3096,3003
3619,5356,4785
3620,7950,7429
3621,10306,9730
3622,12175,11933
3623,13753,13366
3624,14895,14037
3625,14094,13624
3626,13134,12538
3627,11325,10659
3628,8619,8273
3629,6272,5790
3630,3879,3824
3631,2200,2093
3632,1820,1598
3633,2284,1811
3634,3117,3013
3635,5292,5013
3636,7783,7382
3637,10510,9530
3638,12639,11835
3639,14017,13509
3640,14659,14103
3641,14252,13793
3642,13118,12566
3643,11169,10744
3644,8876,8448
3645,5943,5806
3646,3963,3704
3647,2265,2203
3648,1877,1472
3649,2038,1945
3650,2964,2868
3651,5676,5110
3652,7654,7118
3653,10300,9692
3654,12186,11755
3655,13851,13282
3656,14585,13897
3657,14391,13897
3658,13143,12467
3659,11381,10702
3660,8507,8212
3661,6030,5760
3662,3843,3725
3663,2307,2088
3664,1612,1529
3665,2132,1784
3666,3031,2820
3667,5057,4914
3668,7873,7535
3669,10177,9572
3670,12586,12029
3671,14164,13338
3672,14514,14023
3673,14371,13755
3674,13067,12500
3675,11055,10598
3676,8900,8519
3677,6159,5741
3678,4204,3960
3679,2068,2084
3680,1429,1498
3681,1986,1720
3682,3306,2906
3683,5503,5126
3684,7676,7280
3685,10179,9375
3686,12852,12170
3687,13803,13367
3688,14679,13977
3689,14399,13703
3690,13250,12560
3691,11045,10549
3692,8585,8527
3693,5959,5731
3694,4138,3697
3695,2186,2063
3696,1355,1439
3697,2108,1965
3698,3475,3041
3699,5156,4785
3700,7572,7164
3701,10161,9612
3702,12929,12167
3703,14014,13356
3704,14791,14072
3705,14223,13836
3706,13462,12689
3707,11036,10511
3708,8573,8366
3709,5989,5783
3710,4032,3747
3711,2005,2028
3712,1909,1570
3713,1912,1722
3714,3450,3110
3715,5173,4912
3716,7407,7177
3717,10559,9866
3718,12320,11643
3719,14003,13403
3720,14388,13773
3721,14550,13843
3722,12892,12488
3723,11418,10769
3724,8782,8241
3725,6114,5670
3726,4171,4047
3727,2172,2137
3728,1759,1546
3729,1906,1772
3730,3174,3002
3731,5183,4928
3732,8092,7680
3733,10114,9484
3734,12478,11705
3735,13837,13344
3736,14392,13967
3737,14466,13677
3738,13078,12541
3739,11138,10689
3740,8869,8517
3741,5641,5602
3742,4209,3920
3743,2090,2149
3744,1832,1553
3745,1833,1869
3746,3431,3074
3747,5403,4986
3748,7884,7208
3749,9912,9508
3750,12420,11847
3751,14245,13664
3752,14591,13971
3753,14931,13934
3754,12717,12611
3755,11397,10769
3756,8510,8351
3757,5918,5775
3758,4244,3917
3759,2217,2150
3760,1324,1538
3761,2081,1845
3762,3309,2928
3763,5349,4911
3764,7938,7491
3765,9964,9574
3766,12203,11876
3767,14339,13501
3768,14582,14060
3769,14503,13829
3770,13003,12509
3771,11254,10849
3772,8563,8253
3773,6494,5964
3774,4120,3931
3775,2059,2128
3776,1899,1549
3777,1930,1609
3778,3498,3128
3779,5032,4990
3780,7743,7370
3781,9824,9485
3782,12547,11918
3783,13842,13201
3784,14683,14034
3785,14816,13920
3786,13141,12489
3787,11173,10870
3788,8692,8321
3789,6223,6085
3790,4061,3720
3791,2121,2172
3792,1839,1655
3793,1768,1860
3794,3233,2925
3795,5361,5009
3796,7703,7076
3797,10351,9611
3798,12314,11854
3799,13926,13313
3800,14861,14146
3801,14564,13785
3802,12911,12630
3803,10975,10661
3804,8800,8223
3805,5888,5729
3806,4129,3862
3807,2418,2325
3808,1690,1458
3809,2182,1921
3810,2980,2736
3811,5055,4850
3812,8087,7523
3813,10384,9626
3814,12531,11831
3815,13742,13407
3816,14561,13835
3817,14826,13814
3818,13198,12530
3819,11127,10819
3820,8580,8324
3821,5998,6021
3822,3892,3802
3823,2339,2346
3824,1562,1476
3825,2287,1857
3826,3076,3016
3827,5176,4985
3828,7967,7389
3829,10086,9642
3830,12520,11894
3831,14016,13339
3832,14650,14116
3833,14506,13712
3834,13203,12476
3835,10930,10905
3836,8682,8243
3837,6046,5676
3838,4059,3868
3839,2089,2224
3840,1867,1608
3841,1998,1914
3842,2970,2894
3843,5296,4786
3844,8006,7447
3845,10136,9661
3846,12431,11869
3847,14066,13432
3848,14867,13964
3849,14478,13749
3850,12933,12526
3851,11479,10800
3852,8460,8097
3853,6211,5896
3854,3831,3561
3855,2101,2298
3856,1678,1557
3857,2118,1717
3858,3149,3040
3859,5252,5012
3860,8129,7541
3861,10390,9570
3862,12105,11798
3863,14228,13533
3864,14630,14033
3865,14415,13715
3866,13257,12634
3867,11331,10841
3868,8661,8312
3869,6324,6027
3870,3801,3780
3871,2409,2250
3872,1684,1392
3873,2030,1699
3874,3258,2934
3875,5106,4896
3876,7896,7443
3877,10209,9780
3878,12384,11787
3879,13814,13409
3880,15028,14003
3881,14206,13644
3882,13089,12463
3883,10955,10576
3884,8856,8476
3885,6152,5835
3886,4133,3837
3887,2089,2152
3888,1571,1463
3889,1810,1757
3890,3255,2900
3891,5224,4961
3892,8008,7331
3893,10121,9584
3894,12666,11926
3895,13908,13177
3896,14759,14003
3897,14443,13902
3898,13035,12462
3899,11181,10741
3900,9051,8516
3901,6144,5765
3902,3664,3682
3903,2350,2153
3904,1621,1454
3905,1974,1805
3906,3207,2790
3907,5052,4895
3908,7809,7271
3909,10153,9655
3910,12994,12077
3911,13754,13364
3912,14710,14004
3913,14262,13682
3914,13148,12509
3915,11243,10785
3916,8783,8288
3917,6171,5859
3918,4298,3898
3919,2177,2152
3920,1810,1612
3921,1737,1689
3922,3291,2879
3923,5593,5097
3924,7479,7143
3925,10178,9735
3926,12389,11841
3927,14173,13527
3928,15053,14104
3929,14447,13734
3930,13123,12611
3931,10848,10621
3932,8787,8344
3933,6371,5907
3934,3715,3733
3935,2448,2209
3936,1691,1371
3937,2040,1792
3938,3435,3070
3939,5331,5096
3940,7749,7189
3941,10226,9508
3942,12817,11880
3943,13770,13338
3944,14688,14165
3945,14254,13561
3946,12718,12321
3947,11138,10657
3948,8822,8388
3949,6038,6111
3950,4122,3898
3951,2197,2204
3952,1587,1491
3953,2112,1910
3954,3244,2876
3955,5560,5078
3956,7658,7157
3957,10185,9629
3958,12444,11690
3959,13761,13248
3960,14437,13856
3961,14756,13929
3962,13053,12622
3963,11026,10530
3964,8791,8224
3965,5858,5746
3966,3911,3643
3967,2537,2256
3968,1928,1675
3969,2008,1907
3970,3171,2973
3971,5111,5036
3972,7889,7228
3973,10256,9729
3974,12296,11797
3975,14132,13330
3976,14600,14063
3977,14389,13714
3978,13111,12287
3979,11105,10803
3980,8603,8343
3981,6006,5853
3982,4205,3903
3983,2234,2131
3984,1912,1648
3985,1607,1458
3986,3419,3002
3987,5197,4867
3988,7897,7358
3989,10013,9514
3990,12325,11662
3991,14168,13395
3992,14875,14015
3993,14093,13635
3994,13372,12524
3995,11016,10585
3996,8614,8423
3997,6237,5774
3998,4158,3747
3999,1922,2073
4000,1784,1450
4001,1720,1683
4002,3371,3052
4003,5836,5074
4004,7704,7226
4005,9870,9552
4006,12854,11960
4007,14094,13385
4008,14583,13985
4009,14309,13737
4010,13175,12345
4011,10989,10705
4012,9021,8380
4013,5807,5824
4014,4255,3828
4015,2243,2234
4016,1785,1327
4017,2007,1985
4018,3304,2818
4019,5018,4813
4020,8166,7419
4021,10127,9699
4022,12578,11700
4023,13959,13240
4024,14344,13962
4025,14681,13853
4026,13095,12541
4027,11250,10658
4028,8618,8378
4029,6098,5842
4030,4000,3797
4031,2624,2155
4032,1641,1685
4033,1928,1742
4034,3145,2926
4035,5441,4793
4036,7665,7224
4037,10332,9509
4038,12589,11827
4039,13864,13393
4040,14783,14082
4041,14364,13767
4042,13113,12312
4043,11196,10673
4044,8575,8306
4045,6239,5925
4046,4077,3805
4047,2627,2306
4048,1436,1481
4049,2159,1963
4050,3249,2985
4051,5300,4976
4052,7458,7288
4053,10071,9502
4054,12523,11774
4055,14168,13474
4056,14777,13921
4057,14199,13682
4058,12858,12387
4059,11470,10738
4060,8844,8441
4061,6096,5896
4062,3863,3668
4063,2371,2197
4064,1545,1457
4065,1992,1825
4066,3261,2935
4067,5270,4775
4068,7831,7340
4069,10276,9759
4070,12497,11940
4071,13789,13265
4072,15075,14216
4073,14418,13844
4074,13067,12461
4075,11051,10765
4076,8865,8426
4077,6286,6089
4078,3786,3634
4079,2571,2105
4080,1497,1534
4081,1911,1717
4082,3345,3029
4083,4987,4854
4084,7686,7150
4085,10523,9837
4086,12834,11949
4087,13756,13207
4088,14714,13876
4089,14214,13599
4090,12971,12624
4091,11288,10642
4092,8616,8568
4093,6194,5923
4094,3858,3660
4095,2182,2193
4096,1627,1538
4097,2146,1883
4098,2987,2840
4099,5466,4984
4100,7610,7076
4101,10186,9696
4102,12708,11971
4103,14119,13511
4104,14518,14033
4105,14821,13929
4106,13045,12539
4107,11037,10689
4108,8575,8237
4109,6081,5694
4110,4125,3740
4111,2123,2133
4112,1961,1549
4113,1893,1706
4114,3193,2916
4115,5338,4896
4116,7845,7320
4117,10088,9619
4118,12504,11872
4119,14136,13511
4120,14826,14052
4121,14345,13766
4122,13059,12537
4123,11380,10858
4124,8757,8412
4125,6129,5992
4126,3810,3790
4127,2313,2206
4128,1630,1454
4129,2019,1648
4130,3439,3075
4131,5178,4943
4132,7342,7259
4133,10319,9794
4134,12500,11821
4135,13963,13341
4136,14725,13957
4137,14836,13904
4138,12840,12437
4139,11320,10668
4140,8882,8312
4141,5819,5704
4142,4054,3803
4143,2377,2056
4144,1611,1568
4145,2213,1888
4146,3127,2953
4147,5339,4946
4148,7764,7311
4149,9973,9497
4150,12521,11914
4151,14127,13409
4152,14925,14093
4153,14541,13741
4154,13109,12464
4155,11061,10600
4156,8651,8356
4157,5999,5833
4158,4292,3756
4159,2227,2345
4160,1553,1357
4161,2086,1718
4162,3143,2947
4163,5311,4951
4164,7756,7178
4165,10468,9760
4166,12692,11864
4167,13614,13392
4168,14865,14161
4169,14590,13736
4170,12979,12504
4171,11147,10676
4172,8885,8251
4173,5931,5992
4174,4271,3913
4175,2291,2397
4176,1675,1470
4177,1821,1847
4178,3275,2744
4179,5043,4861
4180,7818,7315
4181,10558,9574
4182,12389,11789
4183,14056,13289
4184,14485,13963
4185,14701,13789
4186,12893,12562
4187,11412,10781
4188,8731,8220
4189,6133,6138
4190,4035,3572
4191,2380,2269
4192,1642,1336
4193,2027,1707
4194,3300,2966
4195,5471,5160
4196,7412,7078
4197,10146,9584
4198,12278,11713
4199,14127,13449
4200,14698,13994
4201,14465,13724
4202,13319,12734
4203,10775,10502
4204,8877,8454
4205,6006,5830
4206,4173,3934
4207,2200,2220
4208,1778,1629
4209,1971,1634
4210,3277,3041
4211,5283,4865
4212,7842,7468
4213,10040,9610
4214,12509,11680
4215,13986,13400
4216,14849,14190
4217,14161,13611
4218,13190,12616
4219,11405,10756
4220,8695,8315
4221,5991,5941
4222,4023,3758
4223,2333,2096
4224,1417,1521
4225,2067,1928
4226,3665,3050
4227,5044,4868
4228,7832,7206
4229,10219,9362
4230,12566,11988
4231,13978,13257
4232,14831,14001
4233,14014,13550
4234,13256,12589
4235,10992,10720
4236,8865,8488
4237,6002,5818
4238,3751,3687
4239,2463,2181
4240,1438,1425
4241,2115,1780
4242,3056,2946
4243,5446,4921
4244,7699,7322
4245,10344,9686
4246,12279,11701
4247,14027,13482
4248,14543,13928
4249,14316,13625
4250,13256,12478
4251,11253,10871
4252,8747,8340
4253,6107,5867
4254,3838,3720
4255,2326,2270
4256,1744,1453
4257,2275,1866
4258,3018,2956
4259,5482,4918
4260,7301,7036
4261,10435,9726
4262,12385,11750
4263,13974,13412
4264,14612,14070
4265,14366,13605
4266,13234,12664
4267,11180,10685
4268,8607,8188
4269,5945,5746
4270,4220,3935
4271,2095,2059
4272,1756,1508
4273,1949,1878
4274,3528,3157
4275,5000,4606
4276,7763,7181
4277,9882,9529
4278,12515,11883
4279,14104,13396
4280,14606,14010
4281,14502,13920
4282,13107,12343
4283,11243,10792
4284,8593,8281
4285,6131,5932
4286,3866,3696
4287,2104,2083
4288,2010,1532
4289,1826,1823
4290,3450,3016
4291,5149,4859
4292,7439,7050
4293,10141,9599
4294,12641,11972
4295,13704,13225
4296,14805,14011
4297,14682,13846
4298,12690,12542
4299,11346,10571
4300,8509,8167
4301,6049,5932
4302,4141,3850
4303,2352,2332
4304,1731,1552
4305,1766,1761
4306,3477,3107
4307,4858,4666
4308,7749,7200
4309,10267,9472
4310,12425,11866
4311,14167,13525
4312,14884,14026
4313,14521,13954
4314,12938,12498
4315,11371,10761
4316,8676,8320
4317,6301,5930
4318,3829,3821
4319,2496,2237
4320,1653,1637
4321,2078,1855
4322,3198,3057
4323,5606,5097
4324,7799,7268
4325,9930,9522
4326,12568,11774
4327,14002,13323
4328,14608,14030
4329,14408,13804
4330,13241,12325
4331,11196,10856
4332,9055,8357
4333,5848,5771
4334,4191,3907
4335,2036,2271
4336,1549,1451
4337,2005,1876
4338,3300,3063
4339,5221,4908
4340,7717,7210
4341,10033,9609
4342,12389,11843
4343,13987,13243
4344,14643,13971
4345,14399,13753
4346,13034,12608
4347,11433,10800
4348,8625,8316
4349,6208,5907
4350,4034,3623
4351,2462,2236
4352,1273,1381
4353,2099,1933
4354,3631,3009
4355,5035,4900
4356,7561,7214
4357,10511,9794
4358,12699,11979
4359,14069,13440
4360,14244,13887
4361,14492,13681
4362,13297,12528
4363,11290,10783
4364,9073,8530
4365,5954,5688
4366,3908,3802
4367,2365,2084
4368,1671,1577
4369,1922,1841
4370,3334,3035
4371,5108,4985
4372,7768,7376
4373,10210,9507
4374,12527,11946
4375,13815,13310
4376,14785,14034
4377,14565,13790
4378,13190,12540
4379,10994,10677
4380,8769,8300
4381,6371,5974
4382,3676,3466
4383,2228,2247
4384,1424,1425
4385,2305,1850
4386,3089,3028
4387,5217,4960
4388,7568,6962
4389,10262,9751
4390,12522,11910
4391,13995,13369
4392,14809,14051
4393,14151,13678
4394,13166,12475
4395,11282,10706
4396,8494,8413
4397,6045,5756
4398,4333,3847
4399,2190,2088
4400,1551,1510
4401,2205,1842
4402,3102,3055
4403,5576,4948
4404,7721,7399
4405,9976,9492
4406,12773,12121
4407,14196,13329
4408,14809,14000
4409,14049,13564
4410,13240,12646
4411,11255,10760
4412,8685,8289
4413,6071,5892
4414,4078,3699
4415,2095,2200
4416,1631,1445
4417,2143,1803
4418,3316,2995
4419,5174,4884
4420,7532,7199
4421,10270,9814
4422,12765,11964
4423,14109,13235
4424,14524,14011
4425,14225,13560
4426,13114,12625
4427,11457,10736
4428,8753,8246
4429,6099,5890
4430,3895,3774
4431,2318,2169
4432,1606,1653
4433,1959,1829
4434,3234,2833
4435,5170,4911
4436,7817,7410
4437,9946,9484
4438,12512,11819
4439,14064,13394
4440,14784,14069
4441,14635,13899
4442,12912,12467
4443,11274,10824
4444,8728,8303
4445,6143,5747
4446,3946,3870
4447,2049,2068
4448,1925,1575
4449,1694,1595
4450,3535,3057
4451,5286,4946
4452,7492,7283
4453,9993,9706
4454,12508,11837
4455,13989,13250
4456,14864,14222
4457,14417,13731
4458,13269,12556
4459,11241,10648
4460,8861,8306
4461,5927,5851
4462,4177,3860
4463,2339,2242
4464,1532,1460
4465,1817,1850
4466,3254,2890
4467,5139,4960
4468,7873,7242
4469,9967,9592
4470,12472,11806
4471,14210,13486
4472,14578,14011
4473,14455,13818
4474,12999,12502
4475,11257,10764
4476,8896,8301
4477,5860,5806
4478,4285,3913
4479,2336,2243
4480,1252,1497
4481,1944,1658
4482,3169,2880
4483,5165,4958
4484,8091,7467
4485,10212,9748
4486,12497,11978
4487,14053,13187
4488,14561,13965
4489,14453,13845
4490,13190,12384
4491,11128,10741
4492,8881,8408
4493,5911,6095
4494,3912,3684
4495,2382,2089
4496,1439,1537
4497,2425,1937
4498,3159,2903
4499,5228,5108
4500,7076,6842
4501,10144,9594
4502,12758,11809
4503,14360,13478
4504,14666,13859
4505,14201,13792
4506,12989,12421
4507,11274,10668
4508,8852,8340
4509,6280,5896
4510,3686,3795
4511,2551,2313
4512,1656,1452
4513,1949,1996
4514,3204,2843
4515,5153,4907
4516,7773,7212
4517,10489,9793
4518,12475,11907
4519,13936,13382
4520,14613,14094
4521,14489,13758
4522,13172,12411
4523,11211,10674
4524,8723,8395
4525,6036,5870
4526,3980,3634
4527,2451,2277
4528,1541,1446
4529,1973,1808
4530,3420,2921
4531,5072,4866
4532,7395,6954
4533,10716,9845
4534,12354,11820
4535,13947,13229
4536,14828,13870
4537,14362,13763
4538,12989,12630
4539,11347,10823
4540,8534,8240
4541,6298,5913
4542,3680,3610
4543,2504,2282
4544,1566,1430
4545,2142,1796
4546,2953,2823
4547,5331,4946
4548,7510,7263
4549,10325,9717
4550,12474,11894
4551,14025,13292
4552,14588,14001
4553,14527,13764
4554,13095,12533
4555,11368,10736
4556,8444,8230
4557,6090,5901
4558,3923,3813
4559,2258,2092
4560,1558,1531
4561,1945,1808
4562,3194,2831
4563,5272,4918
4564,8073,7445
4565,10124,9531
4566,12421,11820
4567,13791,13106
4568,14755,14095
4569,14357,13685
4570,12845,12428
4571,11192,10842
4572,8623,8310
4573,6321,6023
4574,3789,3631
4575,2466,2107
4576,1336,1397
4577,2051,1755
4578,3108,3056
4579,5585,5059
4580,7274,6967
4581,9977,9386
4582,12745,11820
4583,14061,13528
4584,14578,14105
4585,14665,13835
4586,13157,12680
4587,11267,10686
4588,8554,8250
4589,6089,5860
4590,4002,3824
4591,2204,2137
4592,1566,1612
4593,2136,1847
4594,2997,2784
4595,5526,5098
4596,7561,7276
4597,10425,9615
4598,12443,11795
4599,14179,13356
4600,14603,13923
4601,14533,13912
4602,12887,12534
4603,11545,10774
4604,8617,8179
4605,5930,5894
4606,3992,3683
4607,2392,2191
4608,1932,1605
4609,1905,1680
4610,3289,3270
4611,4761,4697
4612,8067,7451
4613,10294,9718
4614,12073,11803
4615,14409,13529
4616,14845,14016
4617,14412,13747
4618,12884,12526
4619,11321,10744
4620,8583,8400
4621,6415,6015
4622,3921,3711
4623,2367,2378
4624,1759,1460
4625,2120,1803
4626,2962,2952
4627,5461,4941
4628,7853,7142
4629,9978,9511
4630,12441,11827
4631,13787,13169
4632,14713,13925
4633,14696,13944
4634,12972,12609
4635,11258,10665
4636,8703,8224
4637,6105,5879
4638,3796,3650
4639,2153,2199
4640,1492,1490
4641,2379,1955
4642,3101,2913
4643,5550,5069
4644,7175,7032
4645,10248,9796
4646,12208,11821
4647,14027,13462
4648,14701,13881
4649,14259,13820
4650,13157,12698
4651,11129,10820
4652,8868,8332
4653,6118,5955
4654,4028,3856
4655,2480,2266
4656,1461,1522
4657,2140,1752
4658,2993,2936
4659,5161,4880
4660,7844,7204
4661,10451,9693
4662,12460,11821
4663,13923,13393
4664,14623,14021
4665,14187,13736
4666,13129,12620
4667,11664,10861
4668,8371,8351
4669,6044,5808
4670,4123,3826
4671,2101,2253
4672,1646,1462
4673,2074,1798
4674,3451,3041
4675,4987,5009
4676,7859,7391
4677,10017,9506
4678,12035,11868
4679,14038,13213
4680,14921,14212
4681,14444,13756
4682,13166,12563
4683,10793,10616
4684,8669,8232
4685,6360,6034
4686,3911,3754
4687,2404,2221
4688,1579,1408
4689,2176,1848
4690,3123,2841
4691,5335,4963
4692,7530,7325
4693,10233,9678
4694,12468,11808
4695,14101,13397
4696,14757,14002
4697,14642,13832
4698,12901,12563
4699,11394,10821
4700,8584,8317
4701,6104,5827
4702,3834,3874
4703,2378,2106
4704,1578,1458
4705,1847,1778
4706,3320,3039
4707,5380,5007
4708,7692,7379
4709,10178,9582
4710,12507,11966
4711,14362,13485
4712,14854,14007
4713,14064,13537
4714,12948,12399
4715,11302,10639
4716,9036,8366
4717,6175,6058
4718,3844,3816
4719,2416,2095
4720,1714,1526
4721,1861,1906
4722,3192,2874
4723,5520,5099
4724,7428,7086
4725,10438,9504
4726,12599,11894
4727,13946,13377
4728,14629,14038
4729,14486,13832
4730,13006,12557
4731,10926,10616
4732,8937,8410
4733,6233,5994
4734,3940,3800
4735,2242,2100
4736,1667,1537
4737,1908,1868
4738,3381,3096
4739,5509,4921
4740,7179,7122
4741,10157,9560
4742,12510,11932
4743,14126,13374
4744,14629,14036
4745,14550,13978
4746,13157,12572
4747,11023,10613
4748,9029,8465
4749,5872,5852
4750,4087,3746
4751,2474,2314
4752,1441,1441
4753,2082,1831
4754,3287,2865
4755,5286,4934
4756,7778,7388
4757,10215,9786
4758,12525,12060
4759,14081,13461
4760,14898,14149
4761,14363,13896
4762,13115,12502
4763,11142,10640
4764,8759,8312
4765,6046,5889
4766,4100,3829
4767,2425,2212
4768,1706,1593
4769,1648,1790
4770,3482,3140
4771,5132,4953
4772,7724,7418
4773,10091,9539
4774,12178,11859
4775,14338,13499
4776,14294,13805
4777,14545,13958
4778,13039,12496
4779,11235,10697
4780,8917,8412
4781,5993,5993
4782,4013,3855
4783,2341,2170
4784,1444,1582
4785,2110,1845
4786,3347,2852
4787,5062,4866
4788,7681,7233
4789,10159,9528
4790,12268,11687
4791,14243,13462
4792,14726,14060
4793,14336,13933
4794,13088,12530
4795,11189,10745
4796,8899,8377
4797,6107,5835
4798,4111,3963
4799,2306,2041
4800,1525,1481
4801,2366,1977
4802,3131,3034
4803,5298,4937
4804,7656,7268
4805,10057,9605
4806,12676,11911
4807,14085,13441
4808,14747,14059
4809,14307,13669
4810,12837,12409
4811,11349,10799
4812,8782,8443
4813,6014,5798
4814,4434,3882
4815,2057,2099
4816,1709,1486
4817,2227,1905
4818,3080,3019
4819,5247,4840
4820,8054,7448
4821,10090,9584
4822,12518,11908
4823,14207,13289
4824,14499,14042
4825,14604,13744
4826,13164,12677
4827,10941,10633
4828,8651,8270
4829,6292,5943
4830,3762,3621
4831,2365,2296
4832,1630,1466
4833,2276,1942
4834,3180,2932
4835,5261,4929
4836,7510,7088
4837,10545,9770
4838,12361,11933
4839,13799,13287
4840,14566,13883
4841,14410,13715
4842,13369,12738
4843,11125,10557
4844,8681,8371
4845,6024,5909
4846,3863,3567
4847,2316,2249
4848,1821,1506
4849,2141,1866
4850,3056,2991
4851,4971,4908
4852,8046,7497
4853,10014,9665
4854,12750,11936
4855,14078,13354
4856,14603,13993
4857,14223,13603
4858,13260,12604
4859,11329,10764
4860,8527,8317
4861,6269,5764
4862,3878,3629
4863,2086,2139
4864,1729,1440
4865,2123,1838
4866,3393,3098
4867,5466,4984
4868,7444,7127
4869,10372,9733
4870,12667,11870
4871,14151,13349
4872,14623,13909
4873,14643,13838
4874,13208,12644
4875,10814,10588
4876,9032,8405
4877,5943,5868
4878,4121,3769
4879,2241,2156
4880,1459,1565
4881,1954,1795
4882,3195,2999
4883,5297,4942
4884,7950,7306
4885,9902,9543
4886,12521,11754
4887,13626,13321
4888,15163,14265
4889,14216,13592
4890,12953,12757
4891,11182,10742
4892,8918,8336
4893,6055,5949
4894,4167,3788
4895,1954,2106
4896,1899,1696
4897,1699,1807
4898,3273,2902
4899,5231,5050
4900,7930,7209
4901,10061,9408
4902,12674,11811
4903,14148,13401
4904,14831,14006
4905,14400,13888
4906,12964,12377
4907,11204,10717
4908,8710,8453
4909,6254,5808
4910,4128,3871
4911,2374,2271
4912,1537,1404
4913,2249,1987
4914,2917,2852
4915,5340,5071
4916,7900,7391
4917,10132,9608
4918,12738,11929
4919,13998,13455
4920,14587,13812
4921,14786,13920
4922,13160,12456
4923,11086,10616
4924,8661,8316
4925,5926,5833
4926,4242,3833
4927,2116,2258
4928,1564,1539
4929,1954,1776
4930,3553,3047
4931,4976,5035
4932,7946,7422
4933,9846,9514
4934,12419,11641
4935,13961,13465
4936,14965,14200
4937,14540,13794
4938,12857,12428
4939,11274,10654
4940,8636,8253
4941,5894,5679
4942,4100,3811
4943,2084,2233
4944,1745,1529
4945,1996,1974
4946,3262,2961
4947,5329,4976
4948,7882,7350
4949,10014,9590
4950,12947,12048
4951,13754,13426
4952,14739,13941
4953,14539,13752
4954,12980,12614
4955,11367,10700
4956,8631,8180
4957,6165,5886
4958,4068,3705
4959,2154,2389
4960,1619,1436
4961,1997,1902
4962,3433,3084
4963,5309,4816
4964,7324,7044
4965,10275,9618
4966,12832,12018
4967,13933,13353
4968,14428,13826
4969,14651,13822
4970,13102,12583
4971,11021,10663
4972,8726,8403
4973,6014,5646
4974,4184,3957
4975,2409,2202
4976,1478,1578
4977,2064,1923
4978,3287,2904
4979,5197,4763
4980,8140,7443
4981,9884,9551
4982,12363,11767
4983,14226,13436
4984,14697,14059
4985,14460,13739
4986,12898,12524
4987,11453,10765
4988,8621,8225
4989,5875,5760
4990,3884,3706
4991,2408,2185
4992,1326,1409
4993,2129,1844
4994,3191,3099
4995,5434,4984
4996,7470,7147
4997,10248,9702
4998,12489,11904
4999,14482,13531
5000,14638,13958
5001,14305,13817
5002,12950,12679
5003,11193,10642
5004,8503,8260
5005,6392,5955
5006,3629,3696
5007,2649,2406
5008,1700,1625
5009,2077,1851
5010,3163,2899
5011,5315,4926
5012,7612,7253
5013,10543,9700
5014,12191,11796
5015,14374,13562
5016,14587,14032
5017,14150,13726
5018,12918,12398
5019,11287,10716
5020,8620,8112
5021,6316,6006
5022,4022,3640
5023,2321,2454
5024,1717,1558
5025,2071,1899
5026,2939,3086
5027,5189,4836
5028,7759,7086
5029,10615,9936
5030,12355,11674
5031,14288,13401
5032,14338,13811
5033,14501,13826
5034,13078,12563
5035,11290,10557
5036,8708,8261
5037,6034,5758
5038,3872,3734
5039,2028,2034
5040,1883,1540
5041,2173,1917
5042,3061,2865
5043,5560,4892
5044,7517,7251
5045,10228,9755
5046,12670,11862
5047,14390,13607
5048,14534,13897
5049,14286,13712
5050,13126,12412
5051,11205,10830
5052,8656,8306
5053,6090,5813
5054,3695,3639
5055,2187,2252
5056,1786,1484
5057,1981,1889
5058,3368,3008
5059,5073,4955
5060,7880,7325
5061,10227,9651
5062,12427,11765
5063,14299,13447
5064,14523,14128
5065,14669,13927
5066,12915,12758
5067,11336,10692
5068,8535,8236
5069,5982,5755
5070,3938,3689
5071,2204,2083
5072,1773,1613
5073,1718,1703
5074,3429,2997
5075,5397,5038
5076,7332,7085
5077,10285,9517
5078,12526,11968
5079,14101,13423
5080,14613,14067
5081,14478,13692
5082,12954,12586
5083,11218,10603
5084,8621,8541
5085,6336,5749
5086,4092,3855
5087,2031,2147
5088,1755,1417
5089,2105,1845
5090,3195,2958
5091,5339,4893
5092,7754,7196
5093,10159,9799
5094,12826,11979
5095,13983,13239
5096,14518,13979
5097,14486,13681
5098,12889,12530
5099,11194,10715
5100,9075,8439
5101,6034,5865
5102,3844,3769
5103,2233,2100
5104,1728,1540
5105,1782,1952
5106,3464,3102
5107,5070,4852
5108,7365,7095
5109,10352,9606
5110,12282,11895
5111,14098,13503
5112,14562,14011
5113,14480,13963
5114,13274,12593
5115,11092,10715
5116,8683,8220
5117,6217,5882
5118,3826,3810
5119,2398,2156
5120,1532,1489
5121,2217,1913
5122,3033,2836
5123,5573,5123
5124,7365,7071
5125,10132,9565
5126,12566,11951
5127,14076,13460
5128,14620,13924
5129,14251,13603
5130,13427,12771
5131,11008,10592
5132,8818,8467
5133,5979,5767
5134,3898,3625
5135,1980,2077
5136,2076,1598
5137,1578,1592
5138,3431,3008
5139,5501,5085
5140,7617,7217
5141,10191,9610
5142,12765,11968
5143,13562,13267
5144,14896,14179
5145,14853,13833
5146,12765,12278
5147,11208,10730
5148,8925,8255
5149,6297,5881
5150,3866,3643
5151,1980,2128
5152,2007,1722
5153,1592,1621
5154,3533,3110
5155,5382,4926
5156,7282,7081
5157,9969,9567
5158,12965,12162
5159,13867,13307
5160,14554,13987
5161,14519,13924
5162,13277,12661
5163,11191,10704
5164,8323,8237
5165,6161,5917
5166,3948,3627
5167,2348,2265
5168,1881,1602
5169,1816,1781
5170,3131,2889
5171,5489,4980
5172,7250,7049
5173,10424,9724
5174,12645,11877
5175,14196,13523
5176,14720,13974
5177,14544,13761
5178,13054,12597
5179,11122,10725
5180,8354,8161
5181,6200,5925
5182,3701,3675
5183,2462,2273
5184,1620,1445
5185,2165,1844
5186,2965,3056
5187,5217,4755
5188,8029,7414
5189,10069,9723
5190,12502,11798
5191,14097,13360
5192,14688,14148
5193,14268,13710
5194,13379,12561
5195,11256,10817
5196,8441,8217
5197,6098,5685
5198,3885,3883
5199,2344,2326
5200,1590,1507
5201,1958,1835
5202,3303,3045
5203,5055,5079
5204,7653,7326
5205,10187,9716
5206,12598,11897
5207,13797,13314
5208,14848,14114
5209,14549,13762
5210,12941,12331
5211,11078,10701
5212,8721,8179
5213,5984,5682
5214,4069,4045
5215,2435,2354
5216,1645,1656
5217,2030,1935
5218,3482,3118
5219,4779,4837
5220,8134,7536
5221,10168,9571
5222,12540,11844
5223,13833,13362
5224,14811,13901
5225,14462,13894
5226,13018,12536
5227,11364,10745
5228,8687,8262
5229,5823,5734
5230,4181,3819
5231,2277,2290
5232,1683,1610
5233,1899,1830
5234,3064,2845
5235,5565,5070
5236,8009,7317
5237,9842,9586
5238,12397,11576
5239,13928,13327
5240,14836,13981
5241,14521,13858
5242,13025,12453
5243,11279,10678
5244,8493,8191
5245,6076,5989
5246,4189,3812
5247,2148,2115
5248,1642,1657
5249,2138,1828
5250,3347,3174
5251,5059,4665
5252,8147,7477
5253,9940,9560
5254,12629,11897
5255,14239,13300
5256,14702,13930
5257,14370,13816
5258,13285,12541
5259,11147,10705
5260,8695,8246
5261,5976,5965
5262,3618,3616
5263,2378,2257
5264,1670,1518
5265,1979,1804
5266,3302,2852
5267,5157,4861
5268,7287,7169
5269,10619,9850
5270,12681,12001
5271,14090,13321
5272,14639,14052
5273,14528,13904
5274,13044,12346
5275,11341,10722
5276,8376,8221
5277,6036,5877
5278,4065,3871
5279,2340,2174
5280,1715,1524
5281,2052,1845
5282,3168,2948
5283,5287,4901
5284,7663,7386
5285,10184,9610
5286,12831,11942
5287,13924,13432
5288,14608,14067
5289,14370,13845
5290,13162,12668
5291,11268,10730
5292,8790,8305
5293,6007,5937
5294,4177,3749
5295,1940,2156
5296,1715,1592
5297,2006,1941
5298,3262,2905
5299,5514,5075
5300,7977,7338
5301,9786,9538
5302,12580,11835
5303,14089,13504
5304,14629,13961
5305,14253,13735
5306,12965,12321
5307,11339,10718
5308,8698,8333
5309,5908,5693
5310,4076,3868
5311,2396,2312
5312,1571,1383
5313,2382,1923
5314,3155,2827
5315,5384,4888
5316,7497,7298
5317,10372,9656
5318,12571,11873
5319,13873,13437
5320,14981,14112
5321,14134,13817
5322,13151,12573
5323,11321,10860
5324,8753,8349
5325,6199,5850
5326,3595,3786
5327,2638,2312
5328,1719,1466
5329,2027,1794
5330,3194,2860
5331,5268,4941
5332,7616,7230
5333,10102,9560
5334,12930,12119
5335,13844,13317
5336,14772,13989
5337,14422,13669
5338,12932,12470
5339,11183,10728
5340,8706,8295
5341,6007,5689
5342,4057,3873
5343,2308,2171
5344,1490,1540
5345,2013,1832
5346,3431,2869
5347,5480,5058
5348,7866,7473
5349,10135,9627
5350,12506,11881
5351,14249,13581
5352,14737,14149
5353,14311,13838
5354,13162,12454
5355,11293,10712
5356,8613,8236
5357,5692,5645
5358,4202,3692
5359,2110,2149
5360,1751,1583
5361,2277,1914
5362,3013,2869
5363,5323,4888
5364,7708,7379
5365,10272,9682
5366,12855,11971
5367,14093,13373
5368,14473,13943
5369,14319,13608
5370,13217,12541
5371,11154,10739
5372,8707,8302
5373,5988,5888
5374,4038,3764
5375,2133,2150
5376,1962,1649
5377,2029,1813
5378,3115,3059
5379,5087,5023
5380,7836,7400
5381,10579,9701
5382,12188,12026
5383,14140,13470
5384,14906,14153
5385,14539,13667
5386,12923,12362
5387,11273,10721
5388,8502,8326
5389,5955,5824
5390,3896,3773
5391,2210,2163
5392,1744,1403
5393,2009,1895
5394,3040,2850
5395,5378,5029
5396,7873,7282
5397,10106,9616
5398,12824,11971
5399,14153,13373
5400,14385,14109
5401,14447,13754
5402,13052,12337
5403,11292,10895
5404,8741,8330
5405,5786,5661
5406,4076,3788
5407,2099,2189
5408,1579,1317
5409,2214,1932
5410,2985,2967
5411,5327,4953
5412,7550,7213
5413,10613,9774
5414,12256,11877
5415,13878,13416
5416,14770,14139
5417,14508,13726
5418,13175,12409
5419,11389,10613
5420,8473,8405
5421,6156,5890
5422,4100,3830
5423,2049,2144
5424,1814,1500
5425,2271,1866
5426,3116,3031
5427,4830,5004
5428,7965,7527
5429,10102,9572
5430,12633,11962
5431,14230,13523
5432,14678,14197
5433,14368,13667
5434,13261,12517
5435,11054,10746
5436,8746,8321
5437,5928,5920
5438,4077,3755
5439,2026,2083
5440,1690,1561
5441,1901,1876
5442,3083,2881
5443,5401,4945
5444,8058,7533
5445,10352,9719
5446,12826,11914
5447,13892,13361
5448,14636,14067
5449,14611,13710
5450,13127,12552
5451,11391,10800
5452,8359,8141
5453,6089,5785
5454,4081,3761
5455,2506,2186
5456,1479,1460
5457,2263,1875
5458,3290,3206
5459,5033,4828
5460,8032,7292
5461,10003,9588
5462,12786,12025
5463,14205,13389
5464,14656,13886
5465,14414,13787
5466,13165,12521
5467,11340,10645
5468,8778,8472
5469,5900,5553
5470,3935,3926
5471,2226,2228
5472,1556,1459
5473,2025,1880
5474,3213,2855
5475,5292,5078
5476,8071,7445
5477,10220,9721
5478,12470,11800
5479,13808,13388
5480,14763,14080
5481,14351,13814
5482,12982,12538
5483,11408,10842
5484,8636,8208
5485,6236,5850
5486,3634,3653
5487,2635,2355
5488,1698,1489
5489,2120,1713
5490,2912,2873
5491,5637,5144
5492,7467,7103
5493,10300,9835
5494,12308,11894
5495,14008,13349
5496,14514,13945
5497,14464,13655
5498,13423,12794
5499,11070,10507
5500,8820,8309
5501,5875,5753
5502,4087,3814
5503,2089,2074
5504,1668,1623
5505,1843,1658
5506,3470,2944
5507,5400,5019
5508,7755,7374
5509,10056,9490
5510,12505,11840
5511,14251,13501
5512,14551,14236
5513,14716,13870
5514,12809,12341
5515,11101,10742
5516,8742,8274
5517,6136,5926
5518,4268,3817
5519,2310,2103
5520,1535,1414
5521,2262,1849
5522,2763,2686
5523,5543,5062
5524,7792,7420
5525,10228,9628
5526,12782,12002
5527,14133,13406
5528,14508,13947
5529,14349,13835
5530,13186,12411
5531,11028,10513
5532,8533,8291
5533,6118,5625
5534,3901,3772
5535,2173,2101
5536,1774,1627
5537,2097,1847
5538,3504,3227
5539,5098,5149
5540,8043,7401
5541,10399,9586
5542,12273,11851
5543,14433,13474
5544,14557,14031
5545,14127,13667
5546,13313,12611
5547,11284,10704
5548,8542,8213
5549,5982,5870
5550,4151,3849
5551,2067,2103
5552,1825,1612
5553,2040,1781
5554,3173,2873
5555,5639,5078
5556,7822,7309
5557,10286,9643
5558,12118,11675
5559,14106,13380
5560,14731,13999
5561,14460,13750
5562,12926,12387
5563,11459,10781
5564,8936,8227
5565,6044,5665
5566,3757,3786
5567,2374,2279
5568,1413,1352
5569,2044,1857
5570,3143,2952
5571,5440,4947
5572,7881,7538
5573,10473,9724
5574,12608,11835
5575,14193,13445
5576,14786,14056
5577,14362,13743
5578,13112,12512
5579,11325,10758
5580,8676,8275
5581,6166,5840
5582,3954,3947
5583,2472,2289
5584,1435,1416
5585,2098,1825
5586,3174,3072
5587,5425,4918
5588,7728,7285
5589,10106,9595
5590,12749,11953
5591,14150,13366
5592,14329,13807
5593,14938,13966
5594,13098,12561
5595,11197,10821
5596,8444,8143
5597,6072,5910
5598,4181,3742
5599,2190,2283
5600,1368,1440
5601,2268,1890
5602,3361,3214
5603,5018,4745
5604,8161,7619
5605,10001,9643
5606,12503,11760
5607,14105,13404
5608,14632,14012
5609,14530,13954
5610,13112,12571
5611,11409,10706
5612,8619,8294
5613,5926,5713
5614,3772,3894
5615,2261,2182
5616,1944,1460
5617,2161,1949
5618,3165,2991
5619,5161,4960
5620,7950,7463
5621,10272,9736
5622,12385,11934
5623,14252,13446
5624,14666,14002
5625,14027,13508
5626,12988,12539
5627,11247,10634
5628,8924,8372
5629,6109,6040
5630,4144,3822
5631,2241,2042
5632,1924,1623
5633,1836,1766
5634,3524,3019
5635,5441,4998
5636,7869,7224
5637,10228,9930
5638,12248,11679
5639,14012,13396
5640,14867,14081
5641,14469,13624
5642,13151,12360
5643,11270,10842
5644,8731,8324
5645,5911,5685
5646,3927,3629
5647,2154,2164
5648,1731,1439
5649,2140,1917
5650,3428,3143
5651,5509,5033
5652,7877,7272
5653,10082,9622
5654,12836,12123
5655,14160,13372
5656,14313,13770
5657,14628,13908
5658,13063,12490
5659,11258,10812
5660,8734,8353
5661,6239,5665
5662,3836,3685
5663,2320,2245
5664,1657,1506
5665,2114,1871
5666,3206,2874
5667,5394,5022
5668,7678,7269
5669,10179,9676
5670,12647,11974
5671,13981,13377
5672,14527,14030
5673,14724,13844
5674,13014,12386
5675,11235,10664
5676,8661,8289
5677,6107,5718
5678,4118,3928
5679,2033,2076
5680,1893,1531
5681,1925,1892
5682,3416,2953
5683,5314,4887
5684,7619,7254
5685,10210,9736
5686,12766,12095
5687,13734,13248
5688,14770,13948
5689,14297,13718
5690,12982,12393
5691,11099,10770
5692,9084,8422
5693,5596,5958
5694,4102,3648
5695,2330,2143
5696,1610,1471
5697,2036,1883
5698,3252,3064
5699,5260,4869
5700,7511,7258
5701,10429,9642
5702,12458,11949
5703,13989,13275
5704,14792,14044
5705,13991,13659
5706,13350,12539
5707,11150,10736
5708,8446,8301
5709,6062,5839
5710,3860,3692
5711,2277,2175
5712,1722,1651
5713,1890,1774
5714,3570,2979
5715,5269,4902
5716,7923,7162
5717,10357,9828
5718,12367,11873
5719,13822,13223
5720,14771,14022
5721,14450,13691
5722,13286,12642
5723,10890,10410
5724,8543,8209
5725,6175,5986
5726,3956,3740
5727,2480,2165
5728,1289,1430
5729,2152,1891
5730,3438,2939
5731,5494,5050
5732,7346,7069
5733,10247,9625
5734,12517,12018
5735,14016,13438
5736,14611,14083
5737,14670,13820
5738,13134,12540
5739,10954,10573
5740,8602,8116
5741,6064,5676
5742,4086,3782
5743,2402,2376
5744,1466,1447
5745,2021,1856
5746,3467,3158
5747,5059,4704
5748,7870,7399
5749,10113,9642
5750,12650,11941
5751,13895,13291
5752,14794,14019
5753,14473,13809
5754,13303,12555
5755,11087,10608
5756,8715,8515
5757,6232,5973
5758,3892,3761
5759,2312,2246
5760,1537,1364
5761,2006,1820
5762,3171,3067
5763,5466,4889
5764,7608,7182
5765,10247,9802
5766,12701,12034
5767,14088,13531
5768,14834,14135
5769,14130,13655
5770,12987,12338
5771,11139,10682
5772,8632,8298
5773,6055,5958
5774,4108,3783
5775,2267,2240
5776,1538,1421
5777,1965,1939
5778,3077,2789
5779,5425,5068
5780,7917,7326
5781,10351,9731
5782,12509,11991
5783,14094,13497
5784,14900,14000
5785,14500,13705
5786,13008,12432
5787,11144,10532
5788,9015,8415
5789,5831,5893
5790,4109,3789
5791,2193,2265
5792,1877,1445
5793,1813,1878
5794,3642,3196
5795,5077,4961
5796,7784,7318
5797,10328,9508
5798,12447,11703
5799,14001,13296
5800,14591,14016
5801,14654,13745
5802,13073,12678
5803,11366,10701
5804,8637,8218
5805,5800,5738
5806,3569,3499
5807,2316,2074
5808,1666,1522
5809,2010,1994
5810,3563,3147
5811,5341,5107
5812,7994,7445
5813,10048,9623
5814,12617,12118
5815,14162,13418
5816,14499,13922
5817,14810,13818
5818,12708,12347
5819,11223,10728
5820,8651,8111
5821,6236,5869
5822,3773,3565
5823,2487,2378
5824,1273,1330
5825,2352,1986
5826,3312,3162
5827,5122,4747
5828,8001,7503
5829,10200,9697
5830,12464,11977
5831,13814,13318
5832,14511,13863
5833,14380,13812
5834,13183,12456
5835,11134,10726
5836,8676,8323
5837,6012,5829
5838,3918,3609
5839,2290,2230
5840,1634,1451
5841,2147,1894
5842,2948,2833
5843,5596,4905
5844,7534,7209
5845,10652,9859
5846,12418,11790
5847,14060,13428
5848,14556,13999
5849,14704,13817
5850,12871,12432
5851,11412,10771
5852,8435,8215
5853,6040,5829
5854,4314,3758
5855,2302,2109
5856,1266,1410
5857,2142,1895
5858,3527,3081
5859,5103,5101
5860,7721,7392
5861,10156,9582
5862,12513,11864
5863,14167,13304
5864,14350,13808
5865,14626,13950
5866,12819,12264
5867,11188,10745
5868,8795,8281
5869,6302,6101
5870,3589,3677
5871,2392,2271
5872,1946,1742
5873,1997,1790
5874,3338,2958
5875,5229,5113
5876,7694,7290
5877,10410,9667
5878,12368,11751
5879,14160,13510
5880,14515,14157
5881,14587,13924
5882,12853,12487
5883,11212,10681
5884,8971,8430
5885,5814,5707
5886,3893,3595
5887,2086,2116
5888,1602,1456
5889,1749,1825
5890,3394,3119
5891,5279,4844
5892,7892,7332
5893,10091,9719
5894,12664,12119
5895,14221,13492
5896,14767,14161
5897,14679,13837
5898,13129,12582
5899,11004,10543
5900,8651,8197
5901,5668,5641
5902,3828,3805
5903,2463,2050
5904,1508,1538
5905,2126,1793
5906,3092,2961
5907,5268,5081
5908,8134,7539
5909,10143,9597
5910,12380,12033
5911,13934,13381
5912,14904,14076
5913,14537,13729
5914,12734,12514
5915,11430,10716
5916,8538,8312
5917,5687,5703
5918,4235,3756
5919,1966,2146
5920,1717,1544
5921,1830,1910
5922,3262,2907
5923,5413,4968
5924,7847,7440
5925,9994,9562
5926,12841,12066
5927,14087,13564
5928,14863,14033
5929,14265,13779
5930,12898,12426
5931,11285,10725
5932,8677,8288
5933,6278,5969
5934,3886,3711
5935,2579,2176
5936,1477,1495
5937,2379,2006
5938,2857,2939
5939,5328,5014
5940,7811,7371
5941,10509,9649
5942,12650,12147
5943,13983,13348
5944,14593,13953
5945,14425,13678
5946,12990,12474
5947,11158,10710
5948,8803,8331
5949,6152,5644
5950,3976,3902
5951,2458,2194
5952,1454,1508
5953,2137,1916
5954,3168,3052
5955,5138,4855
5956,7855,7407
5957,10297,9691
5958,12438,12084
5959,14422,13444
5960,14463,14128
5961,14398,13580
5962,12843,12346
5963,11375,10618
5964,8367,8120
5965,5937,5623
5966,4075,3704
5967,2388,2270
5968,1411,1511
5969,2026,1895
5970,3185,3065
5971,5377,4941
5972,7565,7139
5973,10487,9614
5974,12475,11974
5975,13945,13416
5976,15145,14221
5977,14016,13677
5978,13060,12644
5979,11292,10594
5980,8611,8266
5981,5880,5620
5982,3797,3840
5983,2375,2172
5984,1650,1552
5985,2194,1888
5986,3149,3098
5987,5433,5137
5988,7736,7307
5989,10312,9729
5990,12267,11787
5991,14274,13516
5992,14586,13913
5993,14562,13722
5994,13189,12585
5995,10944,10600
5996,8554,8193
5997,6338,5957
5998,4007,3788
5999,2126,2105
6000,1511,1369
6001,2020,1781
6002,3030,2929
6003,5609,5127
6004,7757,7341
6005,10433,9671
6006,12757,12010
6007,14107,13371
6008,14721,13871
6009,14366,13608
6010,13349,12646
6011,11192,10683
6012,8799,8211
6013,6043,5669
6014,3910,3838
6015,2321,2299
6016,1579,1606
6017,2126,2004
6018,3397,2958
6019,5462,5002
6020,7472,7201
6021,10479,9850
6022,12197,11807
6023,14006,13439
6024,14743,14139
6025,14499,13719
6026,12852,12343
6027,11224,10676
6028,8510,8142
6029,6296,5867
6030,3897,3699
6031,2080,2168
6032,1617,1335
6033,2140,1835
6034,3227,3150
6035,5162,4957
6036,7715,7232
6037,10047,9619
6038,12717,12000
6039,13972,13526
6040,14636,13873
6041,14311,13974
6042,12929,12433
6043,11576,10794
6044,8469,8164
6045,6280,5793
6046,3747,3629
6047,2468,2386
6048,1690,1526
6049,2059,1916
6050,3405,3130
6051,4976,4906
6052,7944,7499
6053,10153,9714
6054,12785,11946
6055,13982,13322
6056,14504,13816
6057,14369,13732
6058,12832,12510
6059,11168,10734
6060,8888,8269
6061,5996,5842
6062,3940,3935
6063,2174,2053
6064,1753,1521
6065,2009,1789
6066,3351,2846
6067,5236,5057
6068,7786,7334
6069,10145,9580
6070,12946,12061
6071,13956,13227
6072,14396,13845
6073,14313,13754
6074,12891,12342
6075,11261,10557
6076,8948,8419
6077,5860,5811
6078,3889,3661
6079,2254,2194
6080,1762,1335
6081,2133,1854
6082,3185,2928
6083,5106,4899
6084,8027,7326
6085,10188,9778
6086,12635,11927
6087,14437,13535
6088,14598,13939
6089,14189,13612
6090,13150,12558
6091,10978,10750
6092,8802,8345
6093,5822,5770
6094,3720,3711
6095,2306,2180
6096,1824,1576
6097,2058,2005
6098,2990,2916
6099,5278,4896
6100,7889,7332
6101,9941,9617
6102,12529,11899
6103,14421,13643
6104,14554,13859
6105,14664,13749
6106,13109,12544
6107,11163,10655
6108,8782,8261
6109,5971,5771
6110,3733,3702
6111,2308,2214
6112,1527,1365
6113,2373,2077
6114,3015,2861
6115,5760,5140
6116,7824,7249
6117,9962,9744
6118,12781,12046
6119,13992,13234
6120,14676,14075
6121,14177,13597
6122,13384,12633
6123,11034,10810
6124,8711,8300
6125,6111,5928
6126,4095,3790
6127,2007,1983
6128,1674,1542
6129,1959,1700
6130,3283,3094
6131,5415,5075
6132,7873,7265
6133,10456,9828
6134,11838,11554
6135,14162,13409
6136,14964,13909
6137,14417,13894
6138,12912,12388
6139,11274,10693
6140,8562,8196
6141,6246,5821
6142,3883,3767
6143,2262,2073
6144,1616,1549
6145,1871,1861
6146,3180,2728
6147,5484,5117
6148,7805,7395
6149,10311,9587
6150,12475,11803
6151,14017,13387
6152,14631,13995
6153,14582,13821
6154,13144,12342
6155,11091,10608
6156,8585,8130
6157,5951,5730
6158,4045,3871
6159,2591,2335
6160,1513,1330
6161,2164,1891
6162,3166,3161
6163,5149,4725
6164,8031,7481
6165,10362,9658
6166,12367,11777
6167,14076,13199
6168,14611,13868
6169,14611,13792
6170,13052,12513
6171,11099,10657
6172,8358,8102
6173,6356,5963
6174,3846,3494
6175,2373,2217
6176,1566,1491
6177,2163,1923
6178,3047,3161
6179,5450,4779
6180,7545,7277
6181,10564,9769
6182,12659,11813
6183,14286,13541
6184,14493,13881
6185,14553,13890
6186,13297,12643
6187,11063,10902
6188,8784,8297
6189,6230,6025
6190,3998,3725
6191,2260,2087
6192,1588,1534
6193,1891,1790
6194,3244,2901
6195,5354,4916
6196,7616,7318
6197,10430,9612
6198,12521,11897
6199,13861,13236
6200,14551,13988
6201,14461,13722
6202,13067,12459
6203,11225,10693
6204,8642,8229
6205,5901,5958
6206,4060,3663
6207,2376,2190
6208,1391,1410
6209,2229,1838
6210,3069,2805
6211,5489,5070
6212,7979,7339
6213,10151,9638
6214,12449,11912
6215,14366,13406
6216,14630,13962
6217,14424,13728
6218,12651,12385
6219,11147,10691
6220,8686,8272
6221,6381,5845
6222,3813,3738
6223,2582,2212
6224,1428,1451
6225,2160,1959
6226,3086,2916
6227,5712,5166
6228,7685,7242
6229,10169,9585
6230,12643,11973
6231,14112,13354
6232,14289,13907
6233,14580,13771
6234,12994,12348
6235,11343,10677
6236,8539,8177
6237,6001,5690
6238,4221,3720
6239,2235,2500
6240,1319,1333
6241,2124,1942
6242,3519,3053
6243,5006,4614
6244,7781,7360
6245,10215,9756
6246,12302,11782
6247,14036,13434
6248,14968,14278
6249,14242,13777
6250,13054,12573
6251,11070,10602
6252,8689,8184
6253,6366,5819
6254,3959,3828
6255,1946,2189
6256,1813,1451
6257,2053,1879
6258,3538,3226
6259,5087,4873
6260,8029,7422
6261,10126,9577
6262,12765,12027
6263,13888,13338
6264,14575,13936
6265,14579,13784
6266,13351,12471
6267,10846,10699
6268,9038,8429
6269,5881,5818
6270,3835,3660
6271,2437,2253
6272,1320,1445
6273,2115,1713
6274,3084,2921
6275,5671,5144
6276,7790,7216
6277,10260,9742
6278,12334,11934
6279,14317,13653
6280,14655,13993
6281,14333,13684
6282,13183,12579
6283,11487,10706
6284,8572,8355
6285,6025,5774
6286,4180,3741
6287,2263,2159
6288,1622,1515
6289,2108,1885
6290,3050,2931
6291,5453,4999
6292,7888,7370
6293,10371,9812
6294,12411,12100
6295,13813,13211
6296,14481,14043
6297,14581,13892
6298,13090,12389
6299,10901,10464
6300,8812,8278
6301,6095,5777
6302,3871,3721
6303,2037,2042
6304,1471,1524
6305,2198,1943
6306,3395,3207
6307,5358,5031
6308,7869,7342
6309,10461,9805
6310,12218,11670
6311,13969,13395
6312,14459,13911
6313,14390,13744
6314,13292,12592
6315,11356,10705
6316,8466,8310
6317,6021,5669
6318,4018,3911
6319,2209,2270
6320,1399,1419
6321,2350,1957
6322,3129,2910
6323,5137,4983
6324,7816,7224
6325,10376,9783
6326,12454,11949
6327,13719,13405
6328,14986,14148
6329,14555,13759
6330,12765,12461
6331,11308,10782
6332,8490,8252
6333,6170,5718
6334,3760,3925
6335,2605,2305
6336,1448,1436
6337,1742,1876
6338,3170,2966
6339,5640,5000
6340,7909,7345
6341,10010,9693
6342,12528,11984
6343,14038,13324
6344,14922,14119
6345,14274,13666
6346,13203,12561
6347,11316,10741
6348,8620,8208
6349,5939,5751
6350,3959,3816
6351,2148,2020
6352,1874,1550
6353,2127,1929
6354,2700,2794
6355,5937,5271
6356,7746,7377
6357,10127,9779
6358,12396,11651
6359,14233,13553
6360,14496,13926
6361,14531,13681
6362,12987,12601
6363,11059,10663
6364,8990,8416
6365,6065,5740
6366,3860,3745
6367,2434,2210
6368,1793,1527
6369,2014,1874
6370,2923,2909
6371,5551,5190
6372,7784,7392
6373,10043,9810
6374,12823,12125
6375,13843,13395
6376,14740,14109
6377,14072,13534
6378,13088,12618
6379,11353,10631
6380,8943,8353
6381,5868,5640
6382,3880,3810
6383,2331,2181
6384,1445,1519
6385,2417,1948
6386,3143,3081
6387,5102,4882
6388,7785,7331
6389,10469,9750
6390,12767,11958
6391,14115,13199
6392,14344,13738
6393,14328,13729
6394,13244,12684
6395,11233,10718
6396,8882,8409
6397,5813,5789
6398,3895,3789
6399,2363,2251
6400,1725,1605
6401,2001,1830
6402,3197,3003
6403,5474,4977
6404,7771,7255
6405,10322,9753
6406,12330,11771
6407,14193,13378
6408,14750,14160
6409,14050,13715
6410,13317,12613
6411,11168,10759
6412,8532,8277
6413,5803,5530
6414,3890,3917
6415,2121,2318
6416,1595,1475
6417,2004,1997
6418,3596,2984
6419,5289,5036
6420,7814,7202
6421,10230,9754
6422,12599,11903
6423,13873,13378
6424,14356,13879
6425,14547,13751
6426,13162,12564
6427,11396,10838
6428,8631,8265
6429,5647,5655
6430,3989,3875
6431,2394,2175
6432,1410,1570
6433,2143,1912
6434,3444,2980
6435,5388,5217
6436,7893,7308
6437,10357,9502
6438,12199,11756
6439,14621,13708
6440,14698,14209
6441,14087,13653
6442,13403,12542
6443,11291,10647
6444,8426,8193
6445,6186,5802
6446,3817,3871
6447,2210,2274
6448,2045,1556
6449,1963,1796
6450,2812,2814
6451,5432,5063
6452,7987,7496
6453,10250,9746
6454,12797,11969
6455,14029,13430
6456,14906,14014
6457,14398,13609
6458,12955,12325
6459,11164,10756
6460,8887,8385
6461,6164,5800
6462,4023,3959
6463,2138,2139
6464,1621,1463
6465,1865,1872
6466,3494,3133
6467,5265,5029
6468,7843,7523
6469,10294,9654
6470,12678,11975
6471,13594,13238
6472,14432,13924
6473,14913,13971
6474,12907,12537
6475,11345,10723
6476,8519,8254
6477,6268,5822
6478,3620,3465
6479,2381,2165
6480,1592,1492
6481,2285,1913
6482,3001,2891
6483,5459,4974
6484,7624,7363
6485,10653,9806
6486,12468,11917
6487,14073,13534
6488,14786,13968
6489,14467,13721
6490,12651,12501
6491,11371,10659
6492,8717,8470
6493,6108,5758
6494,3736,3850
6495,2381,2224
6496,1635,1533
6497,2068,1891
6498,3258,2953
6499,5355,4873
6500,7812,7311
6501,10370,9869
6502,12876,12053
6503,13949,13259
6504,14567,14002
6505,14358,13811
6506,13227,12644
6507,11206,10677
6508,8636,8270
6509,6348,5776
6510,3750,3651
6511,2531,2188
6512,1371,1481
6513,2178,2011
6514,3379,2914
6515,5288,5046
6516,7641,7271
6517,10493,9861
6518,12917,11934
6519,13869,13376
6520,14711,13979
6521,14440,13883
6522,13276,12558
6523,11164,10767
6524,8656,8206
6525,5518,5614
6526,4216,3833
6527,2106,2110
6528,1645,1494
6529,2045,1867
6530,3275,3043
6531,5161,5040
6532,8025,7278
6533,10184,9501
6534,12657,11945
6535,14074,13387
6536,14686,14066
6537,14214,13663
6538,13289,12372
6539,11036,10622
6540,8904,8399
6541,6033,5965
6542,4000,3828
6543,1949,2068
6544,1622,1446
6545,2206,1903
6546,3139,3012
6547,5546,5024
6548,7645,7231
6549,10360,9605
6550,12732,12050
6551,14006,13344
6552,14600,13963
6553,14126,13784
6554,13452,12670
6555,10980,10804
6556,8429,8205
6557,5909,5747
6558,4060,3825
6559,2107,2260
6560,1812,1613
6561,1940,1707
6562,3393,3141
6563,5517,5078
6564,7585,7282
6565,10423,9749
6566,12377,11921
6567,14108,13446
6568,14676,13959
6569,14509,13872
6570,13052,12289
6571,11281,10680
6572,8827,8244
6573,5873,5879
6574,4111,3908
6575,1950,2063
6576,1825,1552
6577,2167,1907
6578,3053,2945
6579,5609,5129
6580,7305,7183
6581,10270,9507
6582,12603,11862
6583,14507,13646
6584,14397,13993
6585,14479,13540
6586,13159,12441
6587,11185,10742
6588,8828,8321
6589,6044,5860
6590,4067,3736
6591,2032,2054
6592,1672,1469
6593,2313,2052
6594,3058,2849
6595,5403,5024
6596,7749,7382
6597,10401,9633
6598,12464,11898
6599,13718,13109
6600,14859,14087
6601,14468,13774
6602,13039,12559
6603,11104,10689
6604,8867,8207
6605,6011,5829
6606,3745,3706
6607,2283,2197
6608,1641,1497
6609,2123,1853
6610,3258,3050
6611,5532,5197
6612,7761,7250
6613,10309,9719
6614,12749,11974
6615,14101,13317
6616,14668,13990
6617,14323,13509
6618,13261,12504
6619,11293,10825
6620,8380,8174
6621,6125,5655
6622,4033,3972
6623,2337,2231
6624,1669,1584
6625,2071,1773
6626,3231,3150
6627,5013,4958
6628,8086,7455
6629,10293,9635
6630,12492,11768
6631,14585,13549
6632,14664,13913
6633,14611,13825
6634,12844,12504
6635,11253,10728
6636,8597,8320
6637,6166,5757
6638,3806,3747
6639,2321,2083
6640,1633,1675
6641,2194,1966
6642,3270,3024
6643,5465,5008
6644,7609,7262
6645,10386,9728
6646,12329,11961
6647,13945,13392
6648,14450,13967
6649,14732,13735
6650,13121,12425
6651,11081,10851
6652,8578,8313
6653,5909,5604
6654,4051,3911
6655,1971,2100
6656,1573,1436
6657,2075,1833
6658,3143,2855
6659,5662,5145
6660,7917,7328
6661,10136,9488
6662,12419,11970
6663,14062,13228
6664,14669,14036
6665,14294,13482
6666,13123,12552
6667,11341,10766
6668,8504,8172
6669,6219,5948
6670,3823,3499
6671,2306,2117
6672,1658,1469
6673,2083,1851
6674,3367,3075
6675,5326,5001
6676,7847,7437
6677,10093,9376
6678,12818,12042
6679,14091,13400
6680,14457,13892
6681,14532,13891
6682,13053,12613
6683,11291,10701
6684,8906,8296
6685,5756,5659
6686,4223,3685
6687,2197,2208
6688,1800,1616
6689,2250,1986
6690,2856,2948
6691,5546,4905
6692,7987,7500
6693,10114,9781
6694,12186,11838
6695,14073,13518
6696,14533,13976
6697,14375,13700
6698,13315,12526
6699,11203,10792
6700,8836,8255
6701,6056,5828
6702,3647,3776
6703,2159,2134
6704,1780,1457
6705,1897,1764
6706,3377,3029
6707,5234,4919
6708,8060,7646
6709,10443,9769
6710,12629,11969
6711,13996,13437
6712,14947,13999
6713,14410,13700
6714,13086,12549
6715,10915,10516
6716,8755,8124
6717,5840,5754
6718,4076,3840
6719,2196,2187
6720,1680,1498
6721,2033,1846
6722,3647,3259
6723,5101,4758
6724,7562,7233
6725,10735,9867
6726,12620,11927
6727,14005,13301
6728,14695,13984
6729,14228,13684
6730,13019,12422
6731,11288,10770
6732,8764,8339
6733,6210,5847
6734,3591,3660
6735,2350,2090
6736,1740,1469
6737,2034,1931
6738,3119,2987
6739,5477,5195
6740,7669,7309
6741,10324,9745
6742,12802,12101
6743,14136,13367
6744,14699,14168
6745,14268,13519
6746,13342,12498
6747,11061,10537
6748,8501,8224
6749,6210,5816
6750,3925,3802
6751,2357,2244
6752,1632,1473
6753,2025,1803
6754,3231,2890
6755,5306,5068
6756,8084,7528
6757,10300,9768
6758,12320,12016
6759,13989,13422
6760,14846,14024
6761,14468,13786
6762,12851,12316
6763,11054,10666
6764,8571,8186
6765,5815,5626
6766,4127,3763
6767,2220,2111
6768,1607,1296
6769,1908,2045
6770,3777,3323
6771,5147,4896
6772,7770,7287
6773,9897,9565
6774,12701,11895
6775,14398,13515
6776,14705,14001
6777,14445,13794
6778,13256,12448
6779,11036,10491
6780,8794,8270
6781,5997,5866
6782,3982,3769
6783,2084,2224
6784,1498,1503
6785,2397,1945
6786,3183,2850
6787,5290,5078
6788,7593,7255
6789,10167,9582
6790,12831,11901
6791,14208,13410
6792,14331,13944
6793,14364,13813
6794,13125,12478
6795,11360,10629
6796,8787,8099
6797,5797,5840
6798,4193,3700
6799,2394,2401
6800,1421,1517
6801,1909,1937
6802,3698,3132
6803,4932,4846
6804,7989,7363
6805,10208,9719
6806,12660,12055
6807,13991,13327
6808,14533,13755
6809,14418,13779
6810,13192,12350
6811,11265,10788
6812,8798,8205
6813,5724,5660
6814,4130,3846
6815,2316,2091
6816,1312,1331
6817,2081,1903
6818,3474,3030
6819,5576,4919
6820,7613,7413
6821,10274,9699
6822,12680,11973
6823,14317,13577
6824,14607,14101
6825,14206,13636
6826,13255,12565
6827,11035,10797
6828,8574,8112
6829,5923,5742
6830,4177,3820
6831,2342,2082
6832,1469,1536
6833,2084,1802
6834,3229,3106
6835,5213,5005
6836,8260,7482
6837,9897,9626
6838,12845,12028
6839,13996,13503
6840,14763,14108
6841,14702,13959
6842,12848,12386
6843,11074,10550
6844,8787,8302
6845,5974,5790
6846,3963,3655
6847,2406,2218
6848,1707,1388
6849,1935,1996
6850,3516,3218
6851,5267,5127
6852,7807,7301
6853,10083,9758
6854,12587,11953
6855,14109,13540
6856,14693,13882
6857,14499,13793
6858,13138,12661
6859,10923,10628
6860,8549,8274
6861,6170,5690
6862,3854,3677
6863,2294,2179
6864,1749,1488
6865,1987,1874
6866,3465,3022
6867,5467,4902
6868,7612,7361
6869,10591,9768
6870,12813,12098
6871,13745,13396
6872,14739,14063
6873,14484,13552
6874,13016,12439
6875,11066,10543
6876,8472,8125
6877,5998,5563
6878,4118,3862
6879,2045,2130
6880,1632,1513
6881,1938,1806
6882,3664,3215
6883,4947,4861
6884,8046,7379
6885,10255,9615
6886,12626,11891
6887,13935,13288
6888,14898,14091
6889,14509,13698
6890,12839,12701
6891,11229,10712
6892,8600,8161
6893,5810,5830
6894,3883,3525
6895,2241,2249
6896,1906,1759
6897,2270,1885
6898,3378,3032
6899,5062,4785
6900,7804,7508
6901,10439,9690
6902,12530,11840
6903,14147,13236
6904,14577,14030
6905,14138,13688
6906,13278,12424
6907,11053,10612
6908,8497,8109
6909,6040,5724
6910,3883,3522
6911,2256,2146
6912,1590,1522
6913,1949,1889
6914,3496,3118
6915,4973,4659
6916,7789,7407
6917,10274,9568
6918,12583,11990
6919,14149,13389
6920,14669,14050
6921,14540,13747
6922,13257,12612
6923,10814,10615
6924,8833,8385
6925,6056,5647
6926,3954,3799
6927,2315,2226
6928,1577,1448
6929,2302,1900
6930,3253,3078
6931,5290,5009
6932,8260,7430
6933,10159,9690
6934,12509,11938
6935,14021,13195
6936,14704,14043
6937,14385,13973
6938,13121,12444
6939,11071,10685
6940,8878,8269
6941,5815,5851
6942,3896,3700
6943,2279,2158
6944,1529,1459
6945,2248,1915
6946,3020,2842
6947,5722,5165
6948,7584,7229
6949,10344,9849
6950,12732,11959
6951,13769,13228
6952,14450,13869
6953,14656,13687
6954,12987,12524
6955,11253,10749
6956,8723,8311
6957,5856,5733
6958,3891,3662
6959,2220,2162
6960,1574,1510
6961,2237,1990
6962,3144,2846
6963,4963,4970
6964,8125,7333
6965,10136,9812
6966,12554,11938
6967,14377,13555
6968,14695,13994
6969,14354,13754
6970,13095,12436
6971,11070,10609
6972,8407,8258
6973,6121,5668
6974,3766,3807
6975,2470,2161
6976,1376,1421
6977,2385,1876
6978,3408,3076
6979,5266,5114
6980,7928,7296
6981,9990,9557
6982,12681,11991
6983,14401,13431
6984,14630,14031
6985,14545,13900
6986,12591,12310
6987,11075,10666
6988,8610,8228
6989,6144,5760
6990,3761,3854
6991,2472,2377
6992,1605,1676
6993,2332,1969
6994,3067,2813
6995,5587,5128
6996,8100,7487
6997,10357,9735
6998,12747,12118
6999,14153,13517
7000,14836,14161
7001,14197,13568
7002,12962,12699
7003,11178,10489
7004,8546,8259
7005,5931,5749
7006,3955,3783
7007,2294,2164
7008,1864,1689
7009,1934,1859
7010,3411,3024
7011,5513,5111
7012,8043,7327
7013,10116,9546
7014,12359,11867
7015,13964,13319
7016,15226,14160
7017,14407,13898
7018,12936,12386
7019,10996,10572
7020,8764,8305
7021,5973,5819
7022,4164,3813
7023,2041,2193
7024,1686,1541
7025,2222,1832
7026,3236,3034
7027,5542,5049
7028,7561,7276
7029,10248,9730
7030,12466,11873
7031,13958,13442
7032,14852,14150
7033,14271,13790
7034,13153,12509
7035,11144,10760
7036,8861,8294
7037,5905,5898
7038,4004,3818
7039,2403,2267
7040,1726,1522
7041,1729,1749
7042,3568,3199
7043,5339,5084
7044,7454,7310
7045,10488,9889
7046,12496,11894
7047,14056,13370
7048,14711,13845
7049,14698,13721
7050,12949,12538
7051,11172,10688
7052,8615,8160
7053,5606,5795
7054,4108,3701
7055,2231,2385
7056,1653,1624
7057,1731,1970
7058,3382,3197
7059,5235,4872
7060,7986,7306
7061,10473,9750
7062,12590,11805
7063,13972,13413
7064,14687,13752
7065,14509,13756
7066,13128,12570
7067,11088,10580
7068,8679,8422
7069,6166,5785
7070,4044,3776
7071,2174,2190
7072,1633,1545
7073,2217,1815
7074,3282,3117
7075,5323,5057
7076,7414,7196
7077,10526,9700
7078,12541,11956
7079,14269,13492
7080,14709,13852
7081,14444,13798
7082,13146,12405
7083,11242,10624
7084,8671,8129
7085,5863,5770
7086,3982,3666
7087,2209,2323
7088,1654,1336
7089,1780,1836
7090,3682,3250
7091,5092,4872
7092,7618,7175
7093,10474,9779
7094,12446,11780
7095,14117,13342
7096,14523,14023
7097,14335,13702
7098,13271,12486
7099,11193,10661
7100,8627,8097
7101,5975,5770
7102,4112,3806
7103,2257,2103
7104,1655,1476
7105,1989,1797
7106,3359,3092
7107,5167,4870
7108,7957,7408
7109,10218,9622
7110,12515,11982
7111,13789,13237
7112,14789,13827
7113,14382,13892
7114,13306,12512
7115,11065,10743
7116,8572,8301
7117,6046,5789
7118,3494,3509
7119,2312,2204
7120,1787,1564
7121,2378,1960
7122,3109,2960
7123,5338,4897
7124,7562,7272
7125,10204,9624
7126,12883,12046
7127,14087,13616
7128,14527,14094
7129,14513,13758
7130,12868,12380
7131,11415,10673
7132,8646,8211
7133,5699,5769
7134,4009,3703
7135,2481,2246
7136,1497,1489
7137,2378,2021
7138,3128,3015
7139,5523,5126
7140,7842,7367
7141,10418,9704
7142,12681,11926
7143,13814,13419
7144,14802,14012
7145,14345,13621
7146,13185,12800
7147,11190,10664
7148,8420,8148
7149,6248,5813
7150,4067,3794
7151,2042,2073
7152,1398,1463
7153,2197,1840
7154,3336,3122
7155,5273,4953
7156,7910,7425
7157,10373,9589
7158,12908,11918
7159,13946,13237
7160,14513,14057
7161,14762,13896
7162,12969,12664
7163,11172,10781
7164,8382,8321
7165,6174,5863
7166,3816,3646
7167,2241,2226
7168,1767,1552
7169,1909,1865
7170,3486,3043
7171,5544,5165
7172,7517,7151
7173,10499,9932
7174,12216,11798
7175,14430,13446
7176,14623,14004
7177,14098,13543
7178,13577,12746
7179,10831,10486
7180,8601,8173
7181,6153,5849
7182,3940,3626
7183,2313,2264
7184,1427,1517
7185,2065,1767
7186,3619,3112
7187,5056,4889
7188,7491,7089
7189,10645,9985
7190,12853,12021
7191,14196,13393
7192,14143,13803
7193,14489,13841
7194,13205,12598
7195,11056,10560
7196,8724,8332
7197,5889,5756
7198,3985,3597
7199,2088,2009
7200,1652,1448
7201,1719,1751
7202,3463,3104
7203,5358,5014
7204,7928,7371
7205,10166,9947
7206,12407,11777
7207,14235,13582
7208,14387,13960
7209,14518,13968
7210,13182,12342
7211,11136,10674
7212,8529,8083
7213,5966,5698
7214,3839,3661
7215,2187,2155
7216,1756,1497
7217,2079,1919
7218,3511,3134
7219,4908,4941
7220,8201,7651
7221,10360,9811
7222,12545,12018
7223,14219,13453
7224,14444,13908
7225,14197,13837
7226,13126,12627
7227,11091,10494
7228,8655,8167
7229,5865,5750
7230,4042,3697
7231,2517,2272
7232,1710,1666
7233,2317,2017
7234,3229,3214
7235,5135,4741
7236,7556,7146
7237,10703,9934
7238,12358,11960
7239,14331,13540
7240,14841,13872
7241,14293,13738
7242,13150,12538
7243,11133,10714
7244,8686,8388
7245,6064,5658
7246,3998,3583
7247,2279,2253
7248,1671,1600
7249,2106,1832
7250,2997,3058
7251,5392,4873
7252,8039,7513
7253,10169,9751
7254,12386,11744
7255,14076,13303
7256,14918,14133
7257,14349,13792
7258,13004,12477
7259,11196,10501
7260,8505,8415
7261,6184,5833
7262,3620,3497
7263,2243,2189
7264,1682,1522
7265,1977,1686
7266,3755,3430
7267,4966,5024
7268,7693,7300
7269,10486,9887
7270,12603,11899
7271,14136,13409
7272,14621,14081
7273,14424,13850
7274,12948,12568
7275,11387,10743
7276,8591,8122
7277,5945,5823
7278,3857,3556
7279,2334,2159
7280,1540,1472
7281,2230,1956
7282,2982,3002
7283,5376,4935
7284,7773,7232
7285,10142,9516
7286,12345,11822
7287,14326,13562
7288,14730,14144
7289,14460,13690
7290,13084,12342
7291,11222,10747
7292,8670,8220
7293,6095,6089
7294,3498,3581
7295,2582,2264
7296,1458,1397
7297,2260,2002
7298,3006,2786
7299,5379,5134
7300,7767,7247
7301,10315,9562
7302,12619,11812
7303,14140,13433
7304,14456,13962
7305,14401,13692
7306,13407,12553
7307,11012,10654
7308,8439,8106
7309,6201,5784
7310,4062,3774
7311,2134,2167
7312,1645,1552
7313,1947,1834
7314,3605,3217
7315,5285,4948
7316,7613,7286
7317,10314,9532
7318,12310,11809
7319,14345,13453
7320,14711,13924
7321,14314,13751
7322,13260,12438
7323,11077,10822
7324,8677,8259
7325,5999,5788
7326,3948,3612
7327,2319,2256
7328,1540,1427
7329,2131,1838
7330,3305,2993
7331,5388,5078
7332,7634,7185
7333,10586,9933
7334,12549,11943
7335,14410,13463
7336,14681,14106
7337,14254,13627
7338,13121,12331
7339,11499,10831
7340,8346,8135
7341,6073,5811
7342,4088,3693
7343,2242,2197
7344,1694,1630
7345,2098,1909
7346,3450,3098
7347,5286,5045
7348,7901,7191
7349,10148,9601
7350,12597,11846
7351,14300,13468
7352,14538,13777
7353,14380,13837
7354,13091,12405
7355,11032,10897
7356,8706,8262
7357,6127,5872
7358,3714,3651
7359,2097,2120
7360,1738,1513
7361,2032,1896
7362,3014,2944
7363,5569,5156
7364,7913,7231
7365,10564,9775
7366,12573,12093
7367,14065,13227
7368,14544,14050
7369,14536,13735
7370,13228,12625
7371,11168,10666
7372,8815,8298
7373,6000,5817
7374,3779,3705
7375,1950,2052
7376,1497,1390
7377,2055,2005
7378,3421,3064
7379,5511,5053
7380,7746,7361
7381,10136,9715
7382,13010,12073
7383,13838,13535
7384,14704,14025
7385,14227,13617
7386,12954,12412
7387,11374,10747
7388,8572,8196
7389,5919,5825
7390,3983,3707
7391,2215,2155
7392,1708,1560
7393,2013,1985
7394,3122,2807
7395,5541,5168
7396,7872,7316
7397,10294,9684
7398,12261,11702
7399,14555,13619
7400,14806,13996
7401,14044,13537
7402,13303,12706
7403,11309,10700
7404,8421,8173
7405,6178,5728
7406,3765,3727
7407,2166,2054
7408,1642,1545
7409,1974,1829
7410,3396,3193
7411,4798,4709
7412,8252,7609
7413,10120,9712
7414,12418,11941
7415,14188,13467
7416,14715,14024
7417,14439,13760
7418,13354,12625
7419,10614,10421
7420,8632,8244
7421,6097,5784
7422,4174,3802
7423,2132,2252
7424,1664,1525
7425,2295,1849
7426,3133,2959
7427,5506,5146
7428,7684,7438
7429,10348,9725
7430,12482,11979
7431,14270,13443
7432,14753,14154
7433,13964,13596
7434,13082,12546
7435,11302,10761
7436,8603,8271
7437,5899,5692
7438,3877,3658
7439,2253,2168
7440,1894,1541
7441,1991,1943
7442,3716,3191
7443,5198,5150
7444,7594,7273
7445,10410,9663
7446,12413,11855
7447,14477,13686
7448,14644,13926
7449,14382,13702
7450,12972,12556
7451,11361,10853
7452,8720,8177
7453,5848,5798
7454,3847,3636
7455,2150,2103
7456,1516,1463
7457,2320,1963
7458,3539,3117
7459,5186,4886
7460,7795,7402
7461,10436,9816
7462,12658,11961
7463,14284,13426
7464,14579,13931
7465,14262,13934
7466,13206,12537
7467,11064,10723
7468,8829,8389
7469,5682,5650
7470,4068,3714
7471,2099,2279
7472,1616,1527
7473,1936,1870
7474,3362,3064
7475,5258,5004
7476,7587,7292
7477,10765,10009
7478,12617,12041
7479,13797,13255
7480,14577,14157
7481,14303,13763
7482,13145,12486
7483,11163,10678
7484,8646,8211
7485,6102,5818
7486,4170,3585
7487,2210,2233
7488,1700,1491
7489,2053,1876
7490,3048,2960
7491,5635,5107
7492,7655,7208
7493,10451,9961
7494,12552,11808
7495,14242,13529
7496,14579,14154
7497,14596,13838
7498,12785,12267
7499,11567,10770
7500,8100,8122
7501,6045,5820
7502,4155,3801
7503,2225,2329
7504,1839,1713
7505,1617,1719
7506,3396,3181
7507,5438,5196
7508,7991,7491
7509,10036,9530
7510,12362,11822
7511,14468,13462
7512,14471,13904
7513,14464,13716
7514,13204,12569
7515,11231,10677
7516,8380,8125
7517,5918,5780
7518,3862,3634
7519,2345,2277
7520,1610,1450
7521,2293,1959
7522,3355,3224
7523,4949,4705
7524,7916,7315
7525,10402,9944
7526,12432,11915
7527,14490,13647
7528,14486,13965
7529,14381,13715
7530,12815,12514
7531,11218,10727
7532,8774,8273
7533,6048,5666
7534,3907,3702
7535,2144,2120
7536,1535,1495
7537,2245,1843
7538,3059,2902
7539,5357,5075
7540,8197,7591
7541,10251,9782
7542,13045,12124
7543,13969,13324
7544,14679,13879
7545,14292,13761
7546,12978,12411
7547,10955,10437
7548,8878,8288
7549,5970,5625
7550,4092,3862
7551,2201,2189
7552,1656,1623
7553,1896,1825
7554,3222,3051
7555,5741,5075
7556,7585,7257
7557,10617,9987
7558,12337,11883
7559,13785,13241
7560,15046,14160
7561,14276,13778
7562,12933,12354
7563,11289,10654
7564,8716,8179
7565,5936,5809
7566,3614,3606
7567,2330,2201
7568,1542,1482
7569,2498,2124
7570,3139,3087
7571,5247,4888
7572,7933,7401
7573,10567,9886
7574,12348,11922
7575,13921,13183
7576,15057,14187
7577,14547,13827
7578,13159,12475
7579,10944,10572
7580,8592,8193
7581,6154,5786
7582,4062,3628
7583,2098,2071
7584,1505,1641
7585,1930,1689
7586,3337,2959
7587,5461,5229
7588,7805,7314
7589,10530,9776
7590,12537,11975
7591,13908,13411
7592,14858,14173
7593,14555,13559
7594,13082,12440
7595,10881,10602
7596,8924,8397
7597,6222,5935
7598,3788,3778
7599,2410,2109
7600,1485,1691
7601,1907,1850
7602,3339,2987
7603,5311,4959
7604,7767,7341
7605,10447,9662
7606,12835,12059
7607,14107,13320
7608,14571,13985
7609,14538,13657
7610,13089,12414
7611,11010,10598
7612,8545,8109
7613,6095,5621
7614,4014,3858
7615,2297,2114
7616,1582,1557
7617,2030,1978
7618,3568,3220
7619,5235,4959
7620,7554,7171
7621,10724,9974
7622,12446,11906
7623,14118,13492
7624,14838,13913
7625,14566,13822
7626,12577,12528
7627,11186,10743
7628,8543,8087
7629,5934,5785
7630,4164,3716
7631,2268,2336
7632,1524,1370
7633,2203,1847
7634,3544,3044
7635,4916,4865
7636,8027,7324
7637,10321,9640
7638,12776,11917
7639,14235,13514
7640,14659,14161
7641,13981,13503
7642,13254,12546
7643,11137,10614
7644,8294,8230
7645,6160,5719
7646,3874,3795
7647,2386,2153
7648,1342,1562
7649,2246,1969
7650,3148,3020
7651,5733,5041
7652,7573,7396
7653,10495,9701
7654,12620,11837
7655,14163,13474
7656,14576,13937
7657,14449,13768
7658,13119,12408
7659,11222,10728
7660,8465,8195
7661,6094,5710
7662,4069,3742
7663,2286,2150
7664,1555,1459
7665,2070,1903
7666,3259,3006
7667,5229,5104
7668,7972,7590
7669,10380,9653
7670,13012,12040
7671,13980,13348
7672,14741,14051
7673,14242,13697
7674,12830,12391
7675,11290,10676
7676,8799,8170
7677,5986,5716
7678,4003,3737
7679,2038,2395
7680,1911,1515
7681,2021,1833
7682,3380,3192
7683,4858,4776
7684,7973,7508
7685,10467,9619
7686,12770,11954
7687,13784,13357
7688,14691,13904
7689,14263,13725
7690,12993,12442
7691,11169,10676
7692,8592,8210
7693,6059,5655
7694,3719,3561
7695,2449,2265
7696,1612,1444
7697,2001,1807
7698,3214,2828
7699,5466,5146
7700,8085,7493
7701,10369,9691
7702,12249,11870
7703,14544,13620
7704,14509,14187
7705,14552,13777
7706,13076,12456
7707,11182,10835
7708,8647,8106
7709,6130,5761
7710,3647,3654
7711,2407,2218
7712,1417,1278
7713,1799,1799
7714,3658,3256
7715,5221,4862
7716,8045,7391
7717,10171,9824
7718,12601,11905
7719,13898,13283
7720,14738,13927
7721,14753,13972
7722,13014,12458
7723,11070,10424
7724,8740,8181
7725,6039,5882
7726,4010,3707
7727,2171,2166
7728,1817,1469
7729,1946,1782
7730,3323,3192
7731,5297,4900
7732,7773,7273
7733,10630,9777
7734,12590,11979
7735,13784,13236
7736,14917,14017
7737,14382,13799
7738,12974,12426
7739,10957,10771
7740,8768,8367
7741,6213,5825
7742,3637,3692
7743,2400,2280
7744,1552,1492
7745,2292,1975
7746,3361,3064
7747,5384,5043
7748,8050,7395
7749,10178,9626
7750,12767,11968
7751,14178,13550
7752,14674,13999
7753,14349,13903
7754,13194,12492
7755,11041,10702
7756,8659,8146
7757,6131,5816
7758,4098,3726
7759,2052,2095
7760,1544,1732
7761,2164,2002
7762,3464,3133
7763,5253,4903
7764,7700,7314
7765,10209,9561
7766,12542,11888
7767,14411,13545
7768,14499,13856
7769,14539,13845
7770,13132,12538
7771,11097,10594
7772,8768,8292
7773,5874,5736
7774,3514,3530
7775,2337,2155
7776,1681,1534
7777,2200,1972
7778,3248,3076
7779,5495,5023
7780,7850,7493
7781,10260,9800
7782,12820,11891
7783,13698,13231
7784,14417,13795
7785,14826,13977
7786,12712,12541
7787,11248,10704
7788,8667,8214
7789,5891,5896
7790,4160,3799
7791,2063,2324
7792,1753,1548
7793,2029,1858
7794,3431,3073
7795,5166,5208
7796,7855,7353
7797,10133,9655
7798,12856,12047
7799,13898,13417
7800,14611,13979
7801,14503,13815
7802,13214,12620
7803,11436,10632
7804,8538,8218
7805,5758,5730
7806,4235,3798
7807,2278,2304
7808,1616,1438
7809,1997,1847
7810,3477,3016
7811,5401,5044
7812,7981,7532
7813,10104,9817
7814,12857,11883
7815,13939,13440
7816,14830,14048
7817,14315,13708
7818,12747,12308
7819,11338,10632
7820,8644,8193
7821,5954,5883
7822,3782,3733
7823,2318,2191
7824,1739,1472
7825,2057,2022
7826,3096,2866
7827,5744,5153
7828,7640,7307
7829,10355,9731
7830,12769,11953
7831,14383,13472
7832,14731,13858
7833,14445,13622
7834,13300,12651
7835,10989,10573
7836,8353,8219
7837,5830,5683
7838,3961,3782
7839,2646,2266
7840,1725,1499
7841,2033,1879
7842,3347,3065
7843,5235,5002
7844,8109,7575
7845,10274,9822
7846,12795,12043
7847,14093,13415
7848,14564,13881
7849,14155,13612
7850,12931,12436
7851,11159,10534
7852,8807,8254
7853,6033,5877
7854,3869,3751
7855,2389,2266
7856,1646,1549
7857,2178,1913
7858,3263,3053
7859,5608,5030
7860,7758,7312
7861,10358,9644
7862,12241,11846
7863,14335,13499
7864,14913,14077
7865,14248,13808
7866,12824,12348
7867,11400,10686
7868,8577,8064
7869,6201,5965
7870,3890,3719
7871,1845,2262
7872,1821,1377
7873,2038,1848
7874,3281,3153
7875,5523,5011
7876,7622,7189
7877,10520,9973
7878,12612,11914
7879,13929,13400
7880,14781,14042
7881,14488,13902
7882,12802,12447
7883,11461,10839
7884,8250,8134
7885,6010,5705
7886,4133,3860
7887,2231,2157
7888,1521,1612
7889,2097,1928
7890,3396,3193
7891,5106,4819
7892,7970,7490
7893,10537,9697
7894,12602,11855
7895,14075,13471
7896,14471,13967
7897,14628,13917
7898,12792,12503
7899,11144,10636
7900,8769,8096
7901,6142,5848
7902,3771,3693
7903,2197,2244
7904,1876,1624
7905,1903,1885
7906,3529,3220
7907,5270,4890
7908,8129,7462
7909,10247,9744
7910,12368,11855
7911,14011,13456
7912,14640,13853
7913,14434,13770
7914,12947,12503
7915,11215,10657
7916,9061,8414
7917,5809,5726
7918,4291,3841
7919,2097,2242
7920,1779,1457
7921,1887,1911
7922,3349,2946
7923,5392,4950
7924,7755,7329
7925,10448,9747
7926,12594,11982
7927,14330,13445
7928,14542,14069
7929,14261,13611
7930,12905,12400
7931,11374,10642
7932,8633,8304
7933,5962,5762
7934,3906,3779
7935,2158,1954
7936,1596,1471
7937,1942,1922
7938,3566,3193
7939,5314,5258
7940,7819,7430
7941,10287,9826
7942,12919,11908
7943,13737,13229
7944,14553,13960
7945,14536,13725
7946,12977,12488
7947,11242,10667
7948,8868,8206
7949,5989,5980
7950,3974,3577
7951,2341,2285
7952,1664,1508
7953,2097,2073
7954,3109,2920
7955,5590,5154
7956,7802,7362
7957,10419,9808
7958,12402,11833
7959,14333,13440
7960,14820,14241
7961,14423,13601
7962,13311,12649
7963,10997,10592
7964,8760,8373
7965,5731,5607
7966,4035,3923
7967,2269,2173
7968,1755,1606
7969,2006,1741
7970,3212,2972
7971,5404,5019
7972,7804,7321
7973,10466,9570
7974,12499,11766
7975,13863,13337
7976,14511,14023
7977,14623,13753
7978,12984,12430
7979,11049,10614
7980,8845,8340
7981,5734,5764
7982,4038,3818
7983,2439,2182
7984,1451,1472
7985,1958,1815
7986,3299,3090
7987,5173,5119
7988,7864,7462
7989,10337,9730
7990,12626,11942
7991,13925,13242
7992,14802,14083
7993,14904,13969
7994,12795,12287
7995,11088,10627
7996,8803,8375
7997,5936,5842
7998,3898,3851
7999,2293,2230
8000,1804,1689
8001,1751,1843
8002,3269,3049
8003,5125,4971
8004,7603,7270
8005,10643,9911
8006,12192,11953
8007,14345,13598
8008,14631,14124
8009,14204,13597
8010,12966,12269
8011,11431,10691
8012,8308,8219
8013,6051,5847
8014,3854,3795
8015,2487,2101
8016,1734,1742
8017,1872,1758
8018,3369,2834
8019,5388,5082
8020,7800,7334
8021,10540,9862
8022,12450,11978
8023,14231,13415
8024,14487,13872
8025,14513,13942
8026,13149,12457
8027,11042,10771
8028,8787,8413
8029,6219,5618
8030,3873,3717
8031,2343,2203
8032,1454,1515
8033,1870,1820
8034,3804,3419
8035,5150,5090
8036,7632,7204
8037,10353,9689
8038,12545,11899
8039,14102,13323
8040,15001,14126
8041,14550,13805
8042,12854,12366
8043,11308,10752
8044,8334,8114
8045,5955,5823
8046,4113,3754
8047,2311,2292
8048,1462,1325
8049,1836,1811
8050,3488,3349
8051,5426,5115
8052,7997,7348
8053,9984,9690
8054,12484,11682
8055,13924,13379
8056,14778,13998
8057,14822,13933
8058,12876,12408
8059,11207,10835
8060,8506,8123
8061,5924,5744
8062,4121,3849
8063,2193,2171
8064,1593,1490
8065,2081,1907
8066,3473,3234
8067,4836,4726
8068,8388,7660
8069,10430,9723
8070,12507,11973
8071,14018,13437
8072,14585,13860
8073,14360,13802
8074,13264,12636
8075,11194,10616
8076,8667,8157
8077,5885,5778
8078,3972,3594
8079,2516,2337
8080,1436,1448
8081,1983,1906
8082,3563,3187
8083,4900,4798
8084,7353,7131
8085,10361,9721
8086,12629,12019
8087,14121,13469
8088,14750,14054
8089,14345,13864
8090,13221,12624
8091,11152,10551
8092,8598,8134
8093,5671,5707
8094,3879,3729
8095,2164,2080
8096,1748,1568
8097,2326,1880
8098,3315,3213
8099,5138,4975
8100,7881,7313
8101,10260,9476
8102,12607,11831
8103,14124,13469
8104,14796,14121
8105,14578,13882
8106,12606,12405
8107,11181,10826
8108,8800,8197
8109,6021,6018
8110,3823,3694
8111,2406,2145
8112,1584,1458
8113,1869,1885
8114,3312,3100
8115,5505,5157
8116,8009,7386
8117,10223,9602
8118,12882,11981
8119,13990,13509
8120,14639,13991
8121,14326,13567
8122,13092,12574
8123,10921,10645
8124,9000,8230
8125,5611,5709
8126,4071,3700
8127,2470,2120
8128,1296,1325
8129,2122,1968
8130,3223,2945
8131,5713,5123
8132,7840,7345
8133,10110,9601
8134,12878,12045
8135,13738,13527
8136,14919,14115
8137,14503,13652
8138,12901,12738
8139,11220,10657
8140,8572,8402
8141,5905,5834
8142,4044,3625
8143,2316,2089
8144,1766,1567
8145,2076,1885
8146,3409,3061
8147,5396,5048
8148,7637,7294
8149,10153,9634
8150,12618,11952
8151,14476,13484
8152,14790,14137
8153,14127,13765
8154,13150,12552
8155,10900,10709
8156,8578,8246
8157,5938,5762
8158,3991,3754
8159,2292,2215
8160,1829,1453
8161,2082,1943
8162,2957,2956
8163,5463,5074
8164,7974,7534
8165,10414,9768
8166,12458,11956
8167,13983,13427
8168,14726,14078
8169,14803,13758
8170,12831,12334
8171,11111,10640
8172,8797,8386
8173,6058,5552
8174,3880,3932
8175,2347,2217
8176,1600,1435
8177,1933,1917
8178,3496,2991
8179,5055,5021
8180,7909,7416
8181,10278,9830
8182,12606,11978
8183,14103,13468
8184,14717,14157
8185,14531,13752
8186,12980,12489
8187,10996,10622
8188,8779,8315
8189,6016,5711
8190,4008,3757
8191,2114,2085
